-0.06649377832017979,0.06547618046345118,0.200451244637688,0.41372026049959115,-0.40378079881110235,-0.34945676143380006,0.3857298900966195,-0.25119626663372774,-0.20722714324749186,0.12672320312441213
0.03185030715141237,0.3577309449534195,0.2881746405962206,0.043374124057205324,-0.33429237982431514,-0.18027441846521472,0.27799918506950294,-0.07696882077310477,0.2440276361434067,-0.4743889080559732
-0.03520058848714601,0.14113401417827395,0.4267310567518723,0.5382837946019432,-0.1466232200279091,-0.35586385898098694,0.42370294247994383,-0.3675944174371648,-0.6018028502796712,0.458044667180265
0.015078823538785018,0.4360037219531855,0.24991164283594586,0.5649435040268082,-0.07251698812210207,0.053964302458074584,0.3619359787388712,-0.07088276383704603,-0.04151022131645061,0.03455053717718856
0.06708009692401927,0.3681462609827478,0.5901211931642462,0.5816027024986118,-0.09835297853259814,0.03352097237878339,0.2801835764613956,-0.066227083383652,-0.46668290164026915,-0.39263440889613394
0.05022824371441429,0.1260028091229274,0.40555173490318147,0.43203804960461273,-0.06429633452338339,-0.28449934075499417,-0.00033977971597591724,-0.3634077031476047,-0.5592166394442938,0.594081931717206
0.19671629189065284,0.40949346867623115,0.12932329383810393,-0.27526638720873314,0.2685734210689109,0.05448385994663072,-0.004046405573691835,0.10053519883567881,0.37444832202435074,0.18611684201488474
-0.2831467639709364,-0.059033116714980856,0.497185290673284,0.44794275568052533,-0.20863946122848792,-0.4096295533082113,0.29956704057180794,0.33903728714456616,-0.5173792152072286,0.037958491021891604
-0.12290405285516218,0.24529495418975308,0.4340338922333786,0.28980423836278457,-0.6483772988176284,-0.3466507908617903,-0.20404770487959134,-0.12700618930616586,-0.7145820094366739,0.10422388027544612
-0.38895627939898053,0.35641140386132225,0.04878765506964447,0.09914114701516054,-0.38754840425505516,-0.6679779089242464,0.40864922742580695,-0.20172362701359403,-0.3885216934940135,0.3513388345610344
-0.03407682254657276,0.4116496875831249,0.08900222411306145,0.7154150018428882,-0.22205493726967734,-0.23856007732200296,0.37671084351132983,0.46371393559977975,-0.7134482995089129,-0.6650632487050262
-0.0728394082817335,0.11655550976870464,0.13021751132121684,0.2942496366285583,-0.5892138654737763,-0.4145833072600332,0.08111692054261442,-0.32449515348155916,-0.8094523934678868,-0.19773135538882392
0.08941353635685677,0.038303097540602064,0.22910309162836923,0.20069924189592678,-0.29389487943814163,-0.6076547041729631,0.17510476927177848,0.6638450878547453,-0.46368819564486796,-0.45472736347521236
-0.04831753068758399,0.6517065734048428,0.3593659725911821,0.06051461590356167,-0.35145462884353956,-0.737707309662173,0.0681810200619303,-0.5731031399064455,-0.5697980044784349,0.4723299967820941
-0.23647515912716305,0.32289082704951366,0.5395979689550466,0.4211218555341279,-0.6946578381860269,-0.41845445159148087,0.34914335237335953,-0.10669940008268507,-0.3479370905068097,0.4672832313441272
-0.06128375164260489,0.5202634091071818,0.21245964034857587,-0.1226344790979008,-0.1863594643504359,-0.49775295727059304,-0.0631844672796984,-0.1472877929463154,-0.09827686624038276,0.5843908775461737
0.45878801592863333,0.4364881081774062,0.16428774945297034,0.20778844375172084,0.07337271246175422,-0.17501959743734286,0.36955830950862073,0.010242317270572199,0.08229661568560344,-0.2011366648139587
-0.10574556560823681,0.5795456492075849,0.6725814310480823,-0.14080830614354348,0.04984582351532515,-0.27360226540787264,0.1359280990409726,0.43260548892915196,0.03800342905371565,0.38312067071240014
-0.018311093804365262,0.5493968912089114,0.6942667446132165,0.6123228395992947,-0.4879941139666388,0.22458364760414282,0.6794908798236172,-0.6050387911929289,-0.1709455013005152,0.38752994830052756
-0.19747688173704,-0.1372474284496426,0.07892107464445414,0.6532258266755948,-0.30956144331489027,-0.7241510849951948,-0.24628018677242222,-0.11715408864530999,-0.8133915272464395,0.48427333064795564
-0.22454659973956367,0.3643378393327407,0.39856552455729827,0.2950111685260694,-0.35507248786384904,-0.3816255930408273,0.07965941370402978,-0.03244512153661374,-0.17410201376047893,-0.33650331408183437
-0.07274238507585272,0.2747029252238604,0.5760900305468106,0.6716272136203554,-0.48535893781115563,0.06544418841315296,0.4712648461290207,-0.14446952142856148,-0.4697057622078648,-0.22726865504479957
0.37904316547450273,0.3992685593444278,0.0682079225104002,-0.09164651000906208,-0.3717564696842837,-0.09260185948952743,0.30560786972155013,-0.20485910386225895,0.12275480939789052,-0.31315694383414605
0.08180415794004667,0.21869745187716222,0.567313178187255,0.48575180521422817,-0.12303156803059133,-0.17491269849218946,0.490869610321886,-0.2437680988451509,-0.27485919080589355,0.06134911809176235
0.17521727536788811,0.46900359242737083,0.2809789588373738,0.10148483641117222,0.0643995070374122,-0.3113753334164524,0.4076905472856231,-0.25739689875564203,0.11117735991694493,0.2823227435649755
0.5047498681241462,0.20354681054440935,0.2308584696490066,0.11925391809446467,-0.16785277675386243,-0.21587949920352822,0.3186664203824453,-0.034125488400971946,0.16919220726529485,-0.4332375167394237
0.5925248884456176,0.540155491036007,0.1558525897300131,0.08584634371823925,0.1016679866066129,-0.4378974405512446,0.20792395407157985,-0.028955967587676733,0.2165652420074424,0.005013386050428751
0.15112760571118256,0.35058450158851456,0.09636330750091991,0.04667788833685558,0.15712534942166378,-0.07800550373067826,0.3475766978740104,-0.4356957133659272,0.0658226377678307,-0.060130242224202275
-0.3691076143388846,0.7480190144516738,0.3435239942840199,0.005329403505850256,-0.574423548623693,-0.5282307649802361,0.025331071835153384,0.271439929501516,-0.3890022479029714,0.49657108787643944
0.1359184882563148,0.4226772536291049,0.566924186735744,0.0851619730662368,0.8832847393408001,-0.08705442171749153,0.164915415196058,0.36092110994725085,-0.35692419224754424,0.3912880922579467
-0.3516407090755305,0.24307197773585712,-0.14167656371034013,0.5570376823238057,-0.2836533710679081,-0.7659273337466463,0.10109643439676991,0.16341098988495067,-0.8122878097941248,0.19634414054568367
0.20289281112311242,0.6509801538672866,0.3915581509081805,-0.19275353274837295,-0.3543063927014481,-0.41994477771798383,0.27711878356115427,-0.305784577647863,-0.22667462656225862,0.3994896595326683
-0.32651972245257876,0.9769009434550893,0.12755129505361912,0.7927878230894628,-0.37029747416624836,0.1230624249518039,0.430790231324673,-0.03783712615582818,-0.5328748614803342,0.3219624665506891
0.041572117595996355,0.6186425124928229,0.027662682782564743,-0.34874842635135334,-0.41051092162180025,-0.44071565687976877,-0.6018776267467362,-0.4930449376315356,-0.2927557328427581,0.7786536042853562
0.27140909827761933,0.4708521235336709,0.4091563780417611,0.12939940277038234,-0.2541209614225896,-0.18013953239013955,0.3813495801295583,-0.48577554359951775,-0.131394625585502,-0.05464703353740021
-0.3313117821603366,0.7129500526445908,0.13767942191491858,0.29691412863898886,-0.41883089763500636,-0.3187232605007768,0.2687329603336689,-0.4210969828277217,-0.22045821394547213,0.34378180872395436
-0.20737507207676112,0.4197713435466204,0.2620490644685367,0.24245370810310649,-0.32967457474674294,-0.48556215006738845,-0.059114996223577417,0.09597178947055773,-0.8475225304916043,0.8307382455592164
-0.18388730843445592,0.13201705191515947,0.30763392651754023,0.5252100974897538,-0.3150824309361344,-0.4794315886632874,0.28030154414182007,-0.007877419459265147,-0.7791165862638346,-0.12571902242149022
0.10320304362080646,0.45266490199761417,0.12153155074183421,0.07424585250748456,-0.2819756857270947,-0.14635914914763473,0.7361885112864585,-0.1497149213210151,0.5230682276438591,0.13275179490832126
-0.2321298299653991,0.6583196069657404,0.6235013444246316,0.3067288863811315,-0.5219311698664314,-0.07193251589198366,0.5266109501728283,-0.3530105004629865,-0.5525465789977064,0.23868998331438487
-0.0828172632125279,0.17665426612731414,0.3374517518478673,0.38311558816015184,-0.702485383217541,-0.5621845095059511,-0.1903381001262651,-0.05338474325652528,-0.5367712206438838,-0.06514550706726571
-0.06845350495958621,0.7095409243313506,0.34261705282216703,-0.0809005846478915,0.45877651739903674,0.12388639700950066,0.07783646411673599,0.20992203704347254,0.05206206119623785,0.36787392474281855
0.008969942788536266,0.29759039508481466,0.5399366907150673,0.5365251102903866,-0.006196179533223177,-0.0854484937012114,0.5862915910885884,-0.26509672165268766,-0.0043503517234136976,-0.1390490026119163
-0.010980019435593425,0.7840506098360572,0.21569221068273797,-0.22197280135366856,-0.4094689751319659,-0.21235139559423155,0.3521464785378685,0.09272151048595846,-0.0575232942322969,0.3063193515992471
-0.13725404366482055,0.646772106048686,0.8747536682938665,0.4367749762830592,-0.24220803495612506,0.1566140499707779,0.5378011452057195,-0.7057649393504305,-0.2641757612333591,0.12157237090122786
-0.11325264708953031,0.08624703205466364,0.27789726635099066,0.309174129606749,-0.5072165608079351,-0.2529331039036692,0.2657540999910485,0.16560497311347244,-0.596734465301844,-0.5368659836935906
0.07674016501755813,0.705955769897082,0.19660335910011476,0.3052552947779335,-0.36796926904858707,-0.03263338205295136,0.2258556562965533,-0.22609004992339107,-0.5731806479462522,-0.2824211519879489
0.2604286865734709,0.09823465540468623,0.2422638858139396,0.17741405466245058,-0.055109003568788485,-0.06833731908980235,0.3267603879413493,0.2717470988078535,0.039535262248418586,-0.054694471472643384
-0.16020911895205348,0.5486328828431515,0.4120294353606382,0.29677241223392736,-0.2004137102933865,-0.06511877622717663,0.5376855733746368,-0.16950717390153655,0.012870653457193444,-0.1314015373452458
0.48544179948726285,0.44740194043986575,0.32007080387429904,0.4881725077721274,-0.1426616668959794,-0.26068998740865557,0.4636246579510556,0.19405367010176044,-0.36058868994196475,-0.22056614621736023
0.13619612723905186,0.7014220163953079,0.1458194613358607,0.212191801282937,0.0295042904500305,0.006655026711045922,0.6287476713891746,-0.07198283856063027,-0.18628924222965687,-0.10942129540734868
0.29460869935949513,0.4026046534214071,-0.18582276819671012,0.11022548047091237,0.049451259166923625,-0.494512921835928,0.09489392698076426,0.27712033549199394,-0.13497158524253752,-0.3189719001141279
0.46002354895215086,0.4124757960548035,0.32147215655795036,0.2746533106977308,0.2890416656631343,-0.13026053112298894,0.3932109882436225,-0.2206645961301097,-0.06934485496127177,-0.11284281395797544
-0.16302995872994594,0.207071073232048,0.5955002940135101,0.39238971968676706,-0.19720005924121117,-0.13096549733156643,0.3819881158181641,0.09181568096180613,-0.37769946552609013,-0.40389634889160336
0.18091270682707494,0.46549787097092765,-0.004776151286708178,0.04736758649311852,0.2224733578657554,-0.32205495335944967,0.3859600762159611,-0.10211883074407788,0.2245305602074677,-0.06762726877352156
0.24253066290525907,0.16390551642487572,0.44594773154885775,0.322320864094511,-0.07063932067595574,-0.08265832990863474,0.39545815925444305,-0.34406935931084204,-0.15135454878001903,-0.05036270327347959
0.18147896159511498,0.27515231103231874,0.41588126943893367,0.6523632778319,-0.1367467241671615,-0.21388536046521983,0.551411690138499,-0.21731565480330306,-0.2869276944369759,-0.011307694837762661
-0.5944973342375003,0.2785902615791903,-0.056411986979826446,0.1042622490851252,-0.340738506031214,-0.6700598910026494,0.3126659963947603,-0.0849396920590543,-0.2663223095313834,0.1597299976181344
-0.07127065473292206,0.24153445496501355,0.40414728461386956,0.6418360583687978,-0.11561221931433309,-0.23952939785658425,0.4265931265838335,-0.061304549681630856,-0.4111530698259795,-0.052067254857402545
0.2553349738334518,0.8324882934991404,0.27454140104083663,0.34857365373169646,-0.14106397428586048,-0.06770445690496066,0.4580650838645913,-0.38917660420192596,-0.37770727473609184,-0.029561436258999846
-0.09248513849149533,0.32346926597207937,-0.13824185012807708,-0.040988113762897425,0.09892853804367427,-0.3107784151055756,0.19027275150936576,-0.13222191587546941,0.1676524008820331,-0.23086482185318075
-0.037239830396678726,0.6101975832893101,0.6091282930725096,0.2357821414846103,-0.45414926901212277,0.0611661837859505,0.18020014465569795,-0.14650512707933117,-0.11277939972720755,-0.5638414190917393
-0.07281925462138224,0.306663948403842,0.7118382995490917,0.4368928661502197,-0.7107847998807056,-0.11006578480995081,0.13243855809258773,-0.5054151429162895,-0.3263370288325596,-0.190531090851864
-0.26234965783737163,0.5483443940995152,-0.09446459092460796,-0.12791910418200875,-0.29531004296963814,-0.12943030826616964,0.1117624892778628,-0.008881627487104344,0.429460297416636,0.017736981393110973
0.06828949327999967,0.43831606342090546,0.3894238447711006,0.6612442398600894,-0.5868460955263587,0.07130151411648505,0.3379136204644744,-0.3366116155108642,-0.6887020619574588,0.018490873015780344
0.1426826033755328,-0.0012809594655907497,0.6333131534410077,0.2294018384062541,-0.4003743430119684,0.12733599167002557,0.3229481006881073,-0.12847349991324564,-0.19682612051609105,-0.5816809874622214
-0.25894211246320076,0.10197062906857506,-0.2659503205806889,0.6099797498543134,-0.43041543337064786,-0.4655880892725771,0.46188840378463947,-0.021410121631940202,-0.47829236580685963,0.6372076071239829
-0.31006653467082146,0.6792073734492261,-0.2107887247869377,0.12493219603819017,-0.5889084674198923,-0.5609954242288071,-0.08290903423385876,0.13447901518587005,-0.5099276435366353,0.10104626700928261
-0.12288922585899688,0.4991538375615277,0.46388231792748646,0.5725433757910791,-0.0834901122079746,-0.1309959936060638,0.582428771249736,-0.38268667401378853,-0.16751596224089704,0.46191565378476335
-0.19544850263508373,0.7493630121108015,0.3316014688774237,0.2446756726137326,-0.1902652907491602,-0.5668102765511062,-0.14897017841933435,-0.20052058040983425,-0.46547588328633754,0.3874695595659606
0.12029134221574418,0.7266694307591507,0.569664282901287,0.2640924369905654,-0.08287720060656584,-0.040741205769959064,0.2116773472177901,-0.09706167497953203,-0.21984080204632786,-0.4458571740255577
0.056848160628647754,0.4157104274462811,0.5154939889542322,0.27626447030820156,-0.2048286328539282,0.10109730049281476,0.4395295798114882,-0.20616639693534305,0.019173101221739066,-0.5287281824068557
-0.2943121979852266,0.7267782594482294,0.155070014307473,0.37841380357850607,-0.38030789794733844,-0.018597228285929867,0.36931903002309996,-0.030809293598157952,-0.5404880168516353,-0.3025060113730381
0.20652074258232386,0.7214541556679369,0.17056214246521287,0.45572674906678035,-0.09277263320213491,-0.17915936905859228,0.5181437140184618,-0.18605116145817335,-0.3982280148810989,0.2649021993973829
-0.07261047197290436,0.6806603113281647,0.6425415303785322,0.5815868307479902,-0.47536901172484275,0.16428982697370975,0.1282484612450608,-0.4886835164604498,-0.5581096926814836,-0.22855829078967
0.050129888990512336,0.6039362064772231,0.03427534491182042,0.20468329769292512,-0.2834945122182423,-0.304887269419716,0.464485123803385,-0.016965141261100075,-0.31535705943193304,0.16426782922826877
0.04696295576800137,0.5952024819663396,0.44115159104753016,0.6005011757900471,-0.41971007721165254,-0.4986728600281635,0.14954419720306814,-0.2583881308066874,-0.46379389871535764,0.2684896417133589
-0.0013781393216145091,0.6601036064321107,-0.29914814760584335,0.9913913547613316,-0.4757789464644089,-0.08300344144544634,0.07867552531258169,-0.05428709319146949,-0.5497845050411395,-0.38234014617503465
0.05532699564304756,0.6548919217132827,-0.06674270691236148,0.5616857948268034,-0.4397872351921993,0.11517963488607534,0.31606064091341896,0.02688057971758753,-0.7459425283163422,-0.649700155610354
0.30169999320939844,0.3989484955292166,0.746647435077539,0.39621866821206664,-0.5978963616958557,0.18359374821004196,-0.009478347717779854,-0.13282707018777762,-0.10046757176669661,-0.5252900117970534
-0.4120387718910193,0.07472715711115265,0.3266415849457755,0.6285384589128364,-0.3528210932684721,-0.6961000106485232,0.05138970019304453,0.061632290499003775,-0.8288516073384854,0.3618795630620227
0.27791315692179874,0.3432970846901009,0.4556472424289178,0.2334460699335913,-0.11793148576059825,-0.07689766713144659,0.5571145883668486,-0.05773958640921328,-0.14524097545782907,0.2929822763390013
0.2051359633920427,0.4761105379174851,0.5487690652847035,0.310645662058125,-0.11190449722892981,-0.05229513063394122,0.6314337615850941,-0.2490505791739279,-0.11384502128815428,0.013236936607415949
0.47968768121416705,0.35128179295497275,0.3808503227114199,0.09142406689156633,-0.3444919070286648,-0.10943422101178793,0.4035113159362768,-0.11790305854386621,0.11755476164486194,-0.29170650764820666
-0.4169238112030902,-0.05232118354615678,-0.18321731978833072,0.664482647801976,-0.5560634956636844,-0.6602740837147093,-0.04509686803654047,0.01632439019390421,-0.8188350334967807,0.36539400023927726
-0.35470450920394353,0.34785108285846694,0.14939343051790904,0.004522831792460529,-0.6712394208542662,-0.5613609427181849,-0.11952964084570145,-0.025123383988452968,-0.7432673383757651,0.6146440184887244
0.38939270747833415,0.6053554288830544,0.45505038995268643,0.31482268040983,-0.15253951005597835,0.046169969094713235,0.636791580496408,0.03309647137830338,0.14308441067539404,-0.1880363548154408
0.17371426904129128,0.2318412955503654,0.31032193928395857,-0.3036671033478169,0.2711067964722263,-0.3868284503799567,0.08433612719805403,0.2689189298869812,-0.3778959348825702,0.17324114078069794
0.2451024128607621,0.3220882677613354,0.2789595322766475,0.267937479843689,0.0349819521441021,0.1738489912623268,0.23231985223327237,0.5346258474415396,-0.22416958503768128,-0.26350815587552723
0.18626173573689378,0.339377207128848,0.5445047647898905,0.2727355063186632,-0.12254453517728167,-0.07214431247734718,0.5268106878818792,-0.2767233679405021,-0.13750927030910562,-0.058271485502972994
0.11951032964274846,0.005395986249608981,0.15498988765282828,0.8747686021842104,-0.23183165519476137,-0.137601910012625,-0.01014710984714154,-0.1622105548593182,-0.7549262600464602,0.4570446284136465
-0.008513697820094462,0.016734076899794968,-0.23059635030990056,0.7659446224355012,-0.39667582826576203,-0.565570921834235,0.08876614351253907,-0.13489159991698327,-0.7482741014355329,0.12496102596320625
-0.06919589800415266,0.13567962302446848,-0.19782876380285877,0.772292233145436,-0.3887161469851191,-0.5037070759947458,0.13959394147002083,-0.18023635703267807,-0.6739999760683382,0.014838756784141479
-0.07816129916029764,0.04175041356909247,-0.11772877807796549,0.9172689596545024,-0.4706986976197623,-0.4388178864322184,0.13108458938404416,-0.013659330446970833,-0.6526642773552422,-0.054427391167180456
-0.029225282192865482,0.2277306738421702,-0.16062163433217128,0.7570362803676479,-0.5751846687651948,-0.35460798802053467,-0.031117841868882855,0.0748281038132609,-0.656669685843462,-0.15806607420338398
-0.20680997544456142,0.19024549180360636,-0.025356185483135306,0.846509287167109,-0.5725809627251338,-0.2767261150195281,0.23618306705995623,0.05568279701659071,-0.6752971041566298,-0.06643499325536378
-0.23246940880526196,-0.020939544961759215,-0.23397889808082611,0.991505938117749,-0.5492958369383635,-0.38753215926989515,0.331844566194974,0.026739897149263416,-0.5714194905060187,0.08179436888999164
0.19209835349603768,0.5289660539087375,-0.12806705782171315,0.9801237446250199,-0.6061004988748228,-0.06669309820009071,0.11731939801532756,0.3608079781036788,-0.4839501834616662,-0.19986000672147747
0.2519817092679609,0.11055131810760079,-0.07845747377272642,0.8007275249952286,-0.4872782784009856,-0.3390217628681746,0.011750773368310992,-0.18176629141276124,-0.5504173572120444,-0.4167733133215938
-0.3095696404524727,-0.1416879571284435,-0.2838461210009113,1.0039432245731932,-0.5994834091191019,-0.29237780518535494,-0.055279186744571586,0.09406778264062879,-0.9140793189189794,0.18844034712744023
-0.2794637936727116,0.04570399609087012,-0.3347376549441868,0.6148326044670062,-0.2367502542554851,-0.3308260951495834,-0.12366619146816321,-0.26614553572634936,-0.9373638201828555,0.343435484215106
-0.15083951741673104,0.3413928500036372,-0.0962244487804282,0.8067201801521436,-0.34151629951053736,0.0008226712573383848,0.07840137666370682,-0.2438389717305716,-0.6590832041541649,-0.29988842786679426
0.08906075799562302,0.631137780006294,0.3993523267620664,-0.026086832404300167,-0.2589253516134641,-0.03171927157061227,0.3864838786871123,-0.475259534343367,0.055363685693812316,0.054342736036117514
-0.22852856696256899,0.5865787973282433,-0.2329981765792955,0.734923859293189,-0.596719313641858,0.12519164077633727,0.403952018903501,0.1776939768505436,-0.5682476881382014,-0.5508898754279551
-0.10239289811725266,0.6029158700619931,-0.35736502068579684,0.7570170908118307,-0.3774401386794196,-0.12482759132264507,-0.010003383131634508,0.022757571760164286,-0.5457803401111906,-0.40704749500005005
0.033084734391146974,0.5515868428617882,0.0181893343968878,0.6279105606759657,-0.6281591531039592,0.08784528500387354,0.36401565645008194,0.1330859275801983,-0.2749319748167079,-0.6258180248544195
0.07488192210305612,0.7051751525594692,0.17810819319043836,0.6354316515937948,0.07148135493020837,-0.3003984832502381,0.5771772677037896,-0.013519355876333584,-0.39839681258106935,0.40416834791359907
-0.2849736302037347,0.7683296154029153,-0.09501214992847716,0.3073174342265374,-0.3563363151414223,-0.17481594019501973,0.18193447784396605,0.2764316850903178,-0.2667645561060736,-0.04592776634074011
-0.6771322382741609,0.38932966022831245,0.13176348549874164,0.4874515269847279,-0.17993778576910244,-0.39195261071050114,0.19765271964964962,0.35058835749516915,-0.4930775336207755,-0.07675791290075666
-0.5864434582289003,0.32469407101951586,-0.2659168456168049,0.402884874940778,-0.42931604995878775,-0.534828119949717,-0.11248360876775572,0.13294004076139812,-0.3568417258055997,0.35368299106796286
0.03112909891153215,0.046438689011807845,0.12617154324479107,0.7866226933436612,-0.36366485828630124,-0.37746794895573327,-0.17462249179689837,0.1636787856992066,-0.757314817273533,0.022771228782030615
0.32664881680344043,0.3945435325113132,0.3449137269472787,0.36881747200516807,-0.32902938347768207,-0.018660984133289718,-0.005054606093230451,0.006568818512280876,0.21217339293242501,-0.7186924727391525
-0.20003974734541666,0.5221540486622919,0.23117973928273822,0.20099478702877432,-0.19557260536718826,-0.6505254079009073,0.12705212650995845,0.08466974022736956,-0.6872494327506851,0.6427385631030066
-0.2454254297017409,0.5262296256099777,0.4690390502882975,0.5200536936565031,-0.4573402998648648,-0.23752436542788252,-0.04997172071471632,-0.37287157910874835,-0.6537054195666149,0.24268850070201903
0.600596824111968,0.2458818567103019,0.4603771084962905,0.40772609124372383,-0.00294554093140612,-0.38691857997272405,-0.11817699781492406,-0.27393466981071113,-0.060035882295629825,0.08298120014437241
0.034894684241070124,-0.08038916309099017,0.09638750844989277,0.36094483791666043,-0.8860506439488856,-0.6479354536563026,-0.21267381814223774,-0.15498626816649075,-0.6436849306946545,-0.21810945559317402
0.1114850312603167,0.6578070937208447,0.2919240684676635,0.6527197691930917,-0.3870364424826756,-0.02211900754399427,0.16458728863912697,0.08460806589133879,-0.7313300227454312,-0.38001491010119814
0.27728593412827246,0.5142309215306102,0.6184242198788822,0.4150196393963501,-0.20453409115612223,0.08220295161493117,0.3619054206473002,-0.08660250342924335,0.2113817427604673,-0.12047080346390981
-0.2037949412999577,0.3402657736194069,0.33020359398584526,0.26059974399911323,-0.39058377441427694,-0.550658021906219,-0.2229397112543709,-0.09735818753426828,-0.578047407648935,0.18242243640782707
0.07488204626923668,0.6121065023261935,0.1363725729672273,0.2863157676751451,-0.23968923404303102,-0.08917154673951991,0.4998493043340504,-0.26369508806253894,-0.3551848958737798,0.12945266511451936
-0.06604371141670214,0.6704458348054312,-0.10566238419312877,0.47259293180552764,0.0012695796127240376,-0.6307178228683613,0.2289786051063953,-0.015825208491754256,-0.1066433772830205,0.16858522367194298
-0.5650833139179584,0.4829776433718288,-0.10329351023962736,0.6047040541472236,-0.3941357942175895,-0.308493577191307,0.1512748952642009,0.3819027596406518,-0.25265615505363337,0.3062014786459085
0.12112846808706262,-0.17231989183778954,0.01587757447438216,0.5487156979322307,-0.7032731524566934,-0.30117581535019217,0.21452114056746582,-0.12356852708263008,-0.5168340188018218,-0.5239607549208642
-0.3572408262620781,0.27811689777863563,0.3427114670915914,0.5563171874709354,-0.5598092963925352,-0.4922768124332818,-0.15231311700654449,-0.25611656843529484,-0.6202277685244554,0.24416206033993368
-0.2948920658515952,0.9716333895949762,-0.03023182199234317,0.7070331010897002,-0.1971630699171494,0.08172856217370017,0.5100472670578735,-0.042643949434897035,-0.648534646290229,0.4519452870815884
-0.6450239086225689,0.6072574055618012,0.011003994475148009,0.3620677801651345,-0.3873896447411175,-0.2629931174197223,0.8079228528025857,0.309647750832834,-0.27499880535878085,0.1300842146105462
-0.38883028068463565,0.8450662302918794,0.0005405670784762073,0.8915202742484777,-0.21691743226550025,-0.013949054072197369,0.5823631490180539,0.12186584769006181,-0.44056898113278875,0.2585217324211648
-0.5954293091169178,0.08876345408909758,-0.5026975323149911,0.1673597645969064,-0.25457086684332486,-0.5998797550153095,0.11315065954956516,0.13759126721466322,-0.4060511091353245,0.5531486750966653
0.12539590576078563,0.7614425144124894,-0.07235719486827698,0.538505101343961,-0.14264331961689453,-0.5180272138541495,0.39619299714476713,-0.11027290048257235,-0.4636888256861129,0.4609314319715968
-0.1650200661591171,0.24625061288228733,-0.15168481891306645,0.685875624297115,-0.08128147302643929,-0.4022948505992426,0.20301830663262188,-0.2807247999668241,-0.6235476523579094,0.6377851870283618
-0.2861810880490453,0.3497991257187653,0.11803568949507963,0.6710092807027743,-0.4362628797598317,-0.354782956853232,0.17675887839547827,-0.2955276151336712,-0.5384419793181748,0.09151291316176675
-0.24463343572949225,-0.05737017898590933,-0.16728306694830308,1.0098498698319007,-0.5225053606549501,-0.13432548374683653,0.15476844692595013,0.02135775404371558,-0.6439877982088147,0.14804711090091993
-0.4018046025572362,0.3864363219903149,-0.06434529341104923,0.33930503160861053,-0.5465956758855145,-0.632676087686115,-0.38712652836514233,-0.19872091115746782,-0.5633672063011534,0.6383052377828914
-0.3596402578284902,0.2632206899463329,0.17375414288427904,0.9697329272237885,-0.4844430658943544,-0.280608717172375,0.11178024372161756,-0.05661333435254529,-0.5991453820646713,-0.11845990423146495
-0.20862798382943135,0.18724937760203017,-0.037891009626573526,0.5845648369170604,-0.39761929855170086,-0.27881495064736966,-0.29574487822642426,-0.1250804066069657,-0.7105956981778551,0.5528006692751127
-0.3217781544047573,1.0835300419366345,0.1658432458522795,0.4504515909736319,-0.4652522978335262,0.12619022237354827,0.416150530207921,-0.2354998981979562,-0.2168734169218527,0.36184835120674413
-0.12254537398365158,0.279015258526421,0.23810967651193896,0.6995530952563183,-0.04884988921096366,-0.22787116244457395,-0.03874615420122647,0.018266671676889553,-0.8711692292904651,0.6303850596745786
0.011867486334885805,0.5249143401200848,-0.20499906869246212,0.636398070602365,-0.3113522135862477,-0.5535211698660901,0.29202844718244986,-0.26621583229687057,-0.40174019793167964,0.524565871940247
0.04541322300626738,0.29496845236747765,-0.023816199255305846,0.667467776679021,-0.45787507630808594,-0.7179840135694372,-0.20207408631371707,-0.006324408320457763,-0.7526986647758798,0.11358709086912519
-0.4838238616089863,0.8379597695179739,0.1831275132961629,0.43402598045935104,-0.09025549561873403,-0.27322386579984176,0.11718560609503123,0.26879465964186366,-0.3332684007120045,0.2444153785912605
0.13650057170408172,-0.023918043199702407,0.10019957030929777,0.847160837831398,-0.1046684284144758,-0.09261525387975007,0.047520895705544505,-0.10450463178683038,-0.742109826009455,0.4420701908808435
-0.22550650827967653,0.3477317937203691,0.34889697502496975,0.16203015044438096,-0.2189024097095243,-0.5438395113185982,-0.03475746577796614,-0.3851601868069912,-0.49797723930553367,0.6630402974358215
-0.2256804122232387,0.19294551267510948,0.12775651855010656,0.5303061650282406,-0.3422217406871883,-0.16367173723528716,0.26479108244383115,0.057972298381719294,-0.7417869348801697,0.024579695324729634
-0.17241783846069733,-0.024016130338399114,0.16816461411675895,0.8707333536703337,-0.27022632106950145,-0.5474086820522588,-0.28777831240408375,0.002861850862724589,-0.9610569184766174,0.31287311631185044
-0.18278610473421372,-0.06563608530462528,0.17725953125949678,0.7072756148396452,-0.1358852107351592,-0.2645161090364859,-0.32079706518735296,0.27977641070195897,-1.1449373100312814,-0.18459114796862783
-0.4205681804956138,0.4800732339665554,0.260187920732358,0.8817826856050526,-0.39869532454602763,-0.07597600077812597,0.2006353371439696,-0.07390047364887097,-0.4007402318731395,0.07648851833198198
0.05924273826875287,0.591451345092835,-0.007447365662657716,0.7059269025312653,-0.0468598942793395,-0.3727920051890375,0.3382570533096654,-0.13468419926687608,-0.22936849645028204,0.3404640134755636
-0.3378194276971989,0.3750751686583087,0.4516928561122774,0.8454355294352356,-0.3183360551677721,-0.20755261975289227,0.4839246357612686,-0.14080474242246585,-0.5287996043702895,-0.05600261611987712
-0.3049446806315288,0.4169049068479928,0.7252676708153523,0.30398402196878777,-0.6002719222656402,-0.12804572102986558,0.21488501679003186,-0.43764053978762024,-0.157107050686113,-0.02609828640664695
-0.4218293807298374,0.04992058728965411,0.1754784178634571,0.8926984421851126,-0.4408917188321936,-0.27492481855067846,-0.27453802127060284,-0.0575286603779568,-0.7189505710984231,0.07609101354093485
-0.26959198438558224,0.2651888819958062,-0.01630532613874554,1.0581045720599755,-0.30148135842597545,-0.2789908959435106,0.319941722202623,-0.14979261588349266,-0.6532751684517402,0.10676507980786293
-0.32371855539075267,-0.10029742085484361,0.036650214589373696,0.9758568169898489,-0.4093781598351972,-0.4320785725404033,-0.048336332239171144,0.09606500415800998,-0.8357256542167135,0.2666308793730495
0.03442781260373145,0.27305124306268425,-0.03907803568205974,0.1052350893010076,-0.31819017438497393,-0.6480087766495578,-0.07926637050059164,-0.2886337525608349,-0.4905765883753329,0.5791983990339332
-0.27781690365299433,0.570116894210932,0.41036541227996837,0.3644602647760481,-0.3142826400815673,-0.32756565836854556,0.19090201130260093,0.002631112167192197,-0.46738418943120613,-0.14415204764699363
-0.4019697533550707,0.28904705337061104,0.3712612280447376,0.8269010487883405,-0.3938289602773791,-0.2940413751309054,-0.3935954477586758,-0.49952333169468244,-0.6031592813120694,0.16659855809037832
-0.17909630943096638,0.1707519738847818,0.10903976521169861,0.4276246846907503,0.03381007097261899,-0.3072000503315154,0.6120193331266653,0.1375268459514391,-0.44382213156622435,0.13109237419706604
-0.16055856906128327,0.2894492364288312,0.15180243201561783,0.7188386872420632,-0.11149561494739851,-0.2569478931195144,0.3212501830225299,-0.2580781125128508,-0.679374161270672,0.48775674708297817
-0.09611258847348834,0.7567564866861298,0.2603175628604298,0.36705587402963247,-0.05484052507540319,-0.127129401465608,0.6363360264943683,-0.05119874293673027,-0.5583156512562957,-0.016661203529291724
-0.1408115632487166,0.5119255226077826,-0.1273286217529903,0.39067394050537785,-0.25430049555879974,-0.390362917545555,0.43762378938989804,-0.19009442783572944,0.390595705310211,0.49414765201334204
-0.4218496479969424,0.19857724104101884,0.2930735542321547,0.8030518565671223,-0.3028851832688205,-0.30735460296271716,0.10462405401857719,-0.020670409842198176,-0.5547984687640015,0.14480797690286498
-0.45237499559060845,0.44995899562040415,-0.1343045122395434,0.7983590419379285,-0.3422998876429959,-0.43615570284969146,0.10850832493241093,0.41981979466803304,-0.3206121705374554,-0.004729012427884413
-0.3109784077389648,0.523381029418443,-0.5271561999777306,0.700543656525124,-0.6454325545808351,-0.08904662056660702,0.011116458087662073,-0.04546357150465656,-0.5591801149769643,-0.16760950059436966
-0.26899219739849944,0.28856382907983796,0.006684202849508777,0.08456903210276803,-0.3797380710279127,-0.865723544750767,0.037409027632317196,0.3203154144933508,-0.31364686833112143,-0.08724441677858484
-0.4973984357568356,0.23354474021052446,-0.16008620644052327,0.5419579353441372,-0.2506777888553107,-0.5555144659183076,0.02990898223276019,0.47804617462600635,-0.6774022227229338,0.06938429083095704
-0.34756882013180085,0.8689975851085737,0.18380944090160362,0.4423073486106308,-0.3455308074403348,-0.01774153315196029,0.6466165604360077,-0.10509784634822848,-0.22007671067998874,0.24500599715578542
-0.1407096881581229,0.746144230655997,0.654491343201934,0.6753954142377813,-0.43031857757778674,0.18173502130995028,0.3682906534686783,-0.15687593519590473,-0.5448379971833174,-0.31049344923229943
-0.33908303390162314,0.3870311542076904,0.2036109565114452,0.7674808716686861,-0.3809116472298981,-0.20234134419913963,0.14384132858294835,-0.19263022267944244,-0.6578911301458691,0.06692803891817505
-0.23337459303045696,-0.014228462812705336,0.658675844600617,0.43723491151096117,-0.23800325921895416,-0.1221767767530373,0.29705507243614687,0.2466196906615636,-0.5981533991992002,-0.5189231937682809
0.2985370505340577,0.31737407708968324,-0.11795158280297192,-0.08198640372860465,-0.13077015352384064,-0.4951291205805731,0.10284846450633375,-0.27581785421659216,0.10408133865982157,0.3221376738040571
0.1050159547215441,0.3383482706531544,-0.2749912935112057,0.6657754683455485,-0.4753235938434764,-0.5580359740058922,-0.09932730733975009,-0.12175076687858624,-0.5139766721717373,0.1259127977309665
0.31477998093340787,0.42807098528630105,0.06326893617553035,0.10659226159749664,-0.4518954913792925,-0.3260902818880108,-0.034132102976812045,-0.42232472531140325,-0.17215753880249507,0.17951973104572502
0.11755589523467294,0.2889247467552079,0.3374427678942469,0.3396042260588627,-0.10012675060280021,-0.510672313191672,-0.09353819549559048,-0.3785506496462204,-0.3983534876735825,0.3434407039074619
0.28260173221146473,0.3487150692774764,-0.16291066411618485,0.4079981103741085,-0.13463542635571926,-0.8050096926882706,-0.2988949290422786,0.03287816256824894,-0.438533720521745,0.023520080640829447
0.3333395884401488,0.9161368303881716,0.006035210891688814,0.32856191977496185,-0.0067399667228484296,-0.625252708605783,-0.20207785600162068,0.13482863495050904,-0.3585858557329183,0.3089673804366551
-0.4749425868563244,0.3787864363504818,0.3651977332177419,0.5714383301915262,-0.48889318447567837,-0.41557316071376965,-0.03839217018176008,-0.16724670123922927,-0.5948927716899476,0.14970794556099482
0.31764682302102387,0.4426171738242458,0.2999090633309067,0.41791244898196206,0.023418771991256096,-0.18964207384029552,0.426178033579681,-0.19551116601407723,0.06074979367622643,0.10761179164674246
-0.27061595663250737,0.6722133673222211,-0.17715355558420748,0.6433302989109229,0.13307195069520084,-0.20436660122492756,0.6594817088336005,-0.07192920377472188,-0.28447961594145144,-0.02728250014222387
0.17721091772253292,0.43427251335927525,-0.04771902168345993,0.02538607057301181,-0.07103767354151475,-0.45568711407169815,0.3639252746830074,-0.10498866309318967,-0.3569810289373298,0.14504921197200749
0.2658830880172881,0.7093474996162482,-0.05416284987291998,0.3290995341851014,-0.3861399831556955,-0.1306234847940507,-0.038802922438924616,0.05273713724010549,0.05648649567559957,-0.4508731962457876
0.2208818761255307,0.5967923685672437,0.1388367508610714,0.8490903771592823,-0.015907147015142682,-0.3445205977457813,0.07687075274650834,-0.03560341769956166,-0.9367070666867607,0.1262657992157389
-0.2321638119395389,0.25982417031551197,-0.15934715070702274,0.017189531419716228,-0.23584139650363198,-0.593918746151338,-0.07008066190501472,0.1568982266176605,-0.10609022240940817,0.11123045947543282
0.036486434669893306,0.08994983822846377,0.825069176191619,0.31980155440360036,-0.19719178795221026,-0.08352006136443596,0.48048137398742846,0.08819962349246921,-0.6668150545566498,-0.10217696244560501
-0.5986977444705955,0.006060585224414966,0.22453595486012642,0.37802489067762896,-0.15432833181802982,-0.7565442367694806,0.26383896808500806,0.4163943176005672,-0.46283434691409625,0.06560685216691696
-0.26313771519585827,0.42142688057538746,0.2900298749141756,0.33508051736939437,-0.3091163055057461,-0.17521457716400193,0.6249704567349006,-0.09458588975262723,-0.1584168119060031,-0.004309733494391302
0.6084019613721271,0.7816212135910465,0.308377596984928,0.15391458622520054,-0.15416397914355773,-0.6921311598903594,0.23242367363503283,0.18654878279678194,-0.663380987077588,-0.0056250414201891
-0.09534636101605327,0.23470249397315787,0.30061769505893704,0.790197694210617,-0.30892845286407355,-0.16483740929174306,0.41474848392644276,-0.10532940065149853,-0.41219830266133056,0.16413589447130164
0.12747726763027617,0.15906280950337132,0.34982385096357965,0.4439565924628445,-0.21514175428875296,-0.37280824204844126,0.17923330957844863,-0.1579278245153781,-0.4519198676504536,0.2863373603155691
0.2183695744645668,0.5643134769757123,0.4453194801150521,0.07553390639718402,0.12195750042129475,0.11111067162711688,0.3124163689305026,0.14355802387885194,-0.10599077005717507,0.04707186128512478
-0.3847097420997196,0.32242230848328557,0.2585086797081885,0.34851290473212765,-0.583062165264713,-0.40518755909033694,0.36046060065306057,0.12939187907571573,-0.17505904202779324,0.1326222019989108
-0.007703757942194047,0.5708985032929529,0.5015154287327444,0.057665811910219356,-0.23834377217628822,-0.39132658184022223,0.2872983838887332,0.6348733569869967,-0.2654934708761996,0.5136620516178706
-0.0228673458050974,0.4703573247979863,-0.013388874931781692,-0.021314437178264,-0.47196328378719726,-0.3354805306002005,0.6961744835176668,-0.02922484851313666,0.2187531749350185,0.3657912076286936
0.6875378969023266,0.5269902106450212,0.15765568338596464,0.3120497154086903,-0.09182628588981369,-0.0748841575133636,0.2699463887142814,-0.2558039390605801,0.16204088387011925,-0.087341824619927
0.37872857971551,0.5478097959919261,0.41510726985706736,0.11178083317300513,-0.026270111032745576,-0.26333949384386024,0.48135756879010394,-0.09527837861815726,0.07638904592790478,-0.01812424465990644
0.34515053139028323,0.12579384180736297,0.11914134772410923,0.061349425587403764,-0.43143227492962904,-0.07490570260525264,0.18507182969335872,-0.22877335215441047,0.6777487891828167,-0.41800174488228914
0.430855719868668,0.06885850566317686,0.70848362566913,0.05797942442487519,-0.3194344620382736,-0.16558858216405933,0.25792681133469897,0.18851843574166052,-0.38000700908631274,-0.5796281745275429
0.700567927883001,0.465356982557608,0.21208282902843817,0.04080949389349307,0.11812565001965175,-0.2525092845423957,0.2620030992705109,-0.06403578844513501,-0.4297099920235311,-0.11586073095262653
0.00903180521494845,0.2201797735746488,0.17027336617289418,0.29538294273555543,-0.21439659584497747,-0.1653541305416623,0.5923911838861434,0.1573999801738667,0.1470528788511227,-0.08803437980111863
0.18591758037163403,0.32160065412061245,0.4506966274876666,0.042217127870212305,-0.5288431334474899,-0.07614416767272487,0.5297191554180739,-0.4270297367044933,-0.41193700147625345,-0.19087882622987346
0.09664634742259504,0.2248270583041715,0.33249988752088716,0.23685266772169225,-0.21369291002781293,-0.16059815741232694,0.40910479165596386,-0.09603638151911055,0.24840563285422443,-0.17747299707648223
0.5073332632678207,0.338584179295385,0.4396240705703103,0.552765395006904,-0.13605523808414793,-0.0679379504742557,0.6412995604752905,-0.19453255392812838,-0.06337540285451,-0.33269875518244213
-0.09957740720996577,0.26190844612058284,0.5385544879252507,0.5653644161900516,-0.1236623528013053,-0.024988522221366147,0.6560841238693401,-0.14381978099526432,-0.08500862303547942,0.11914666548826362
-0.1542097153267733,0.08553267352064889,0.49651151326675447,0.6911602778612703,-0.4715614699064827,-0.4580162617909428,0.23238429365347896,-0.028026889706548253,-0.6896020107872509,0.3213257219527747
0.1597700339342657,0.32629912366689373,0.4081863297109119,0.06243020941824078,-0.3112847758607415,-0.4280069881948411,0.404989226816953,-0.2764458188182208,-0.2789701328129502,0.17855238816346208
-0.2722728164018985,0.40134459871634326,0.34106027667108824,-0.043416888805628814,-0.6957770456592342,-0.31504064461896586,0.25949848753223254,0.24256134885010747,-0.614050386555953,0.038878583302190996
-0.2636948467205522,0.2873981801341275,0.28347834808736333,0.3748948961871345,-0.8023905928418781,-0.4181310488072768,0.010802281909924685,0.24504581806946502,-0.3302677310312182,-0.30047223250139793
0.22106592084116797,0.21672541286245908,0.44548517720954967,0.21710057577140124,-0.13072719864892027,-0.29242879360089263,0.07707402603426096,-0.410420979091465,0.06673114364554265,0.275793098788976
-0.002118784216477215,0.10023539188902761,0.08112875254770611,-0.05482740925447816,-0.37218800671595237,-0.2398053442084388,0.4870025045314782,-0.34747805157101114,-0.4940483269221673,0.2135608989584738
-0.04389850523346691,0.062114255375952644,0.43548351631819787,0.28044190009732034,-0.20663258222286732,-0.5524917191736077,-0.05166104802793892,-0.0650223739814558,-1.0253266375409347,0.37843892780973315
0.12385806609051944,0.09735659325940924,0.3265860726265676,0.7837257265164832,-0.29699568997293413,-0.19678202562733435,0.24648275748675916,-0.041846959514841416,-0.35562914514380883,-0.2329370609595798
0.2993370022765879,0.11827965723431386,-0.2678308145267491,0.17590261198562088,0.28864918620713975,-0.5362435065359998,0.4507534185946554,-0.04515378430910938,0.05236538632821155,0.45649507953383467
-0.147746964112868,0.258429430370721,0.23161989282566672,0.042851289184910026,-0.31484486271354634,-0.212497858176859,0.3682375823565952,-0.16002335266299983,-0.6816327354791386,0.04778169696334459
0.5830102356749812,0.3765072227839484,-0.0690072371202051,0.010899238244138897,-0.21089965550412154,-0.4002246152601148,0.00041978160498398623,-0.03178185041866316,0.23600251770227745,0.2706934433426957
-0.2862866573005983,0.32060138750239475,0.8161800920640876,0.30076189348798243,-0.6515493296788037,-0.1871433185100826,0.4932957407162283,-0.18000286620803935,-0.45230800883974986,0.10258466007448692
0.6764826317226534,0.6365456014571945,0.36956873328769124,0.23971373152527586,-0.2889130990902498,0.31272892332878327,0.20163990040046564,-0.2503311415093666,-0.7943575621111537,-0.4029146620399763
0.219449671183463,0.3214120820692365,0.21360742406305405,0.538599265853964,-0.24373938286240876,0.08322177403671549,0.2940041639781928,0.0723191968512735,0.24972395158018998,-0.17350909044843227
-0.20968248564398007,-0.002433546024547844,0.14588282495479243,0.3056965982150113,-0.1999206263230393,-0.6698866713722044,0.068755283068643,-0.05363340144971964,-0.8447460494596227,0.39294259638752077
-0.8026380613719002,0.16200851536077368,0.24355424049357538,0.12482094388105172,-0.1287284157350956,-0.8722482481697276,0.17420596604523741,-0.21626714293574772,-0.5521843649262212,0.6983438444162843
-0.41073419735482614,-0.05296994908542687,0.32439116023510156,0.3726192069809997,-0.3056648023860849,-0.4380945583818133,0.19283927112723723,-0.2892607720159767,-0.5194104083924387,-0.07645794234404944
-0.19028812246755156,0.4686031879286503,-0.16775572014878443,0.23812090734506586,-0.4413230306677151,-0.19417132370021414,0.4676424489218654,-0.16808593310976444,-0.27320771735731547,0.08481414712913908
0.0963204005429416,0.5073315828638858,0.5816742252231606,-0.01117646169175293,-0.34935580103737734,-0.4103339050157564,0.2136588902013324,0.5451862260033584,-0.05040453960168619,-0.1404792558969728
-0.12574100510775976,0.2478871982129424,0.6023033832047877,0.2339470812264906,-0.3569677328113771,-0.2777757634943876,0.32698136415458834,-0.2287279106509654,-0.3744724994272906,-0.1399583515273204
0.6342586880795849,0.19742878788833693,0.3598752211797107,0.23245446342815365,0.0971437527010355,-0.639673175260819,0.19386446104482008,0.1799319544655732,-0.07697745607418409,0.014464966112587156
0.41102716609285644,0.3193913060255429,0.38472840365216665,0.08791321342129943,-0.2391975128808918,-0.2098722687696482,0.4268240124375413,-0.21437419944411745,-0.014432302420868856,-0.3468313894703636
-0.050902137328054986,-0.050441819926194724,0.49852639370789215,0.4104710127899322,-0.11606395408782837,-0.5403922471581328,0.4630037993632946,0.4538823992804508,-0.8326064343390409,-0.013237446051203508
0.32400029859099044,0.6306473105298187,0.6495654541703665,-0.020804861388960913,-0.19910276953528983,-0.1722293337450008,0.48273054331790755,0.05722895541369036,0.5544516057088084,-0.011502731098186773
-0.2960534473348277,0.16632268335736178,-0.11475034022649466,-0.3109449193805987,-0.28578642347181854,-0.5224691732376283,-0.1663204053750003,-0.011953263562053049,-0.6805777519839715,0.3919670733997358
0.19404255550405483,0.3645809998791682,0.7564346319291458,0.33370533415878467,-0.10929934532294752,-0.36035367725705086,0.04066967175694631,0.3465477196586797,-0.29004674565454136,0.4528940218597973
-0.12122605986054345,0.11170004050358068,0.08620695280816039,0.8592713894305627,-0.2775713070175145,-0.2741797651242544,-0.08560649178278827,-0.09025218849486188,-0.7377167124113094,0.27870250867169777
-0.1410294008088053,0.4902132874522963,0.443621367222754,0.8134773421293597,0.027692856971270153,0.14411907591429862,0.11471225612952937,-0.027188744790189668,-0.39192476504737517,0.05293098900032654
-0.2163526460654613,0.43595119183359243,0.7144986890776049,0.43716680319602147,-0.4368624912020389,-0.01878813636185023,0.18986583586579073,-0.37967988927759494,-0.30748190077338533,0.0957662149306748
0.007073977076785627,0.14340260090604887,0.32516662180366157,0.6839183141963353,-0.2949957674177552,-0.029418121026435148,0.2695774604867036,-0.3121805557913813,-0.424695517352969,-0.3320542385312452
-0.14211890017004,0.6388248486949015,0.3544819138501244,0.22928505549155867,-0.4089811053788211,-0.47557016792877393,0.25097261760015876,-0.005872542732272006,-0.2290523274554258,0.05945454637406225
0.27925149547826394,0.8445130802847816,-0.09150131060560157,0.8275230855019258,-0.05082330392568575,-0.8117612924730707,-0.24314509332678375,0.27037470163461735,-0.590020667710048,0.3860751528889827
0.16407490012699633,0.6414136032075192,0.1296667628489529,0.5636736810744843,0.04548299202794143,-0.5460307196364933,0.04069034889131649,0.07581538555604915,-0.357694953848645,-0.06773419990315593
0.17177210406739696,0.4524295900037063,0.007027491050180023,0.7568447575797257,-0.2148300283287072,-0.5717073459461043,-0.4500666088838387,-0.061758848892789556,-0.46785250291352826,0.2075518313615293
-0.05851199584435155,0.7302895225365522,0.2926467712329938,0.6977261382749227,-0.052545898322610786,0.029030526859538035,0.4088709378640303,0.009052953616866527,-0.1741712857147733,0.07777137140494228
-0.07721343157872904,0.6748688835528533,0.3591811988664722,0.5528499167694465,-0.036893861729718494,0.1660441491770427,0.4103910395397958,-0.059800592909902486,-0.07391691177379446,-0.07002900025313805
-0.0827329263175736,0.5366464278622489,0.39379694320249015,0.330812063761024,-0.040881724024672265,0.19683936531733892,0.416124132865155,-0.09572436737211917,0.1570259211879105,-0.13374199274446016
0.026157124533019646,0.797882827604586,-0.14054057623158572,0.18657062454527193,-0.049707743539021514,-0.4019816976331603,0.2679710937551767,0.0766146273692983,-0.3684360869178845,-0.015264116286434919
-0.3623246924057677,1.0134013224316705,0.16719616879189214,-0.12271786273755998,-0.24223010791583297,-0.19777293836214432,0.3727044035111733,-0.0010056468318121188,-0.01117747924656402,0.10893833332298145
0.22355847562480213,0.35052847607332444,0.15280912108095598,0.4479698946745369,-0.2936685809078902,0.02889334236127423,0.6414705297121022,0.14027811728393452,-0.08503978272446397,-0.38548958405168554
0.022032677115823098,0.8194405780291969,0.1609826283868965,-0.027756199394431684,0.1637780121887987,-0.11857967094686273,0.5873591858592295,-0.2081099203036252,-0.2820697109302919,0.13736268957467926
-0.11348984606058264,0.6964839188071138,0.16757283653458382,-0.10269270606166019,0.006381474439809437,-0.14456576539344418,0.6953778070264951,-0.26562221099473243,-0.11858849469355978,-0.12436266350101022
0.04717759697041053,0.0854705218449004,0.10892209910152252,0.29415020008426734,-0.16326988895002917,0.14630184660588536,0.1830604166131506,-0.3225927578239589,-0.19133202242439437,0.28297824168926483
-0.07713291195536207,0.39922899230589487,0.6773895517523911,0.6305133803694603,-0.44477484312466375,0.16251146660542043,0.46443438587967895,-0.3175512279537144,-0.5373127231200197,0.1645361614667121
0.08522979435652875,0.7517442405681841,-0.006229126252789104,0.1637436167928284,0.0877682086612699,-0.14919820552352014,0.2611295171512079,0.13267303725929888,-0.2936784390861225,-0.5855349616407183
-0.08917167050288406,0.15689932758905578,-0.3155833594973891,0.34019363397774294,-0.1833736476214062,-0.9077865746235668,-0.6285595733085938,0.014386403431993211,-0.6021380412191982,0.5000370267798113
-0.1075132922582168,0.7557971065563688,-0.04432224946797755,0.33278590893291476,-0.5485705721084077,0.043172109351105145,0.16839432636782517,-0.08949133353089853,-0.5866672628044118,-0.7852692668196591
-0.02372289691216495,0.22136483351969305,0.33322585355800954,0.5678643934239836,-0.045996221720106645,-0.08762603521044864,0.2813847483875385,0.3261864880065595,-0.2012387852194912,-0.4975619981531067
-0.3317363796967758,0.6561583140592543,-0.3616955432200112,0.24507894306770542,-0.29634126981083725,-0.24149210870096935,0.3693064549776652,-0.1548448100586225,-0.13785821190927927,0.025492675867113974
-0.19771371200687024,0.8414282879675303,0.13651099935038752,0.42139841790598276,0.060980878572746346,-0.01701667798896224,0.40292862266560125,-0.077487063059319,-0.05326539418199641,0.3919575398091918
-0.0364409709505649,0.41489000519552244,-0.0004801599472449985,0.1026711495575475,-0.042262536670304336,-0.43305522563084936,0.31994330720098635,0.14770034205823632,-0.018532721766713556,-0.14129666867547552
0.10242408991758896,0.1572796084288278,-0.18295099707489434,0.6857049355882495,-0.23778346646275225,-0.8135496829841761,-0.392009422003405,-0.26253326814635847,-0.7032041010326238,0.19049171675456156
0.26732671829473464,0.699678360551592,-0.06356528265967752,0.12876486490806846,-0.17054779250026286,-0.23309070071405885,0.3420225169856175,0.17734760251258339,0.060834528659902555,0.23331880976900532
-0.32792454005775173,0.545153304637487,-0.08559325905829042,0.2044310798292793,-0.23576803990515005,-0.3252447601053546,0.2321270346910529,0.27405292675702236,-0.1714592093580757,0.190247986934843
-0.18872266411017227,0.6200482735079338,0.3268307932161769,0.5577729370946805,-0.1500213703726892,-0.10847727257406473,0.3115804550953405,-0.27149077335204297,-0.35769803413970214,0.08252499637770785
0.08871258630967872,0.4890887027727191,0.7482971049815134,0.3498064430457886,-0.37527654317359815,-0.09585570666837395,0.3548886063022132,-0.40232899915153997,-0.22570597100589315,-0.023184140708486952
-0.05557327563894562,0.29450068931752327,0.3301483719291387,0.42327612925575475,-0.18499598065867404,-0.1545441061805913,0.4579093373699714,0.37404717608170723,0.3241328812686207,-0.188396647152725
0.07942299657305517,0.19588466629941034,0.31347831627427913,0.5921218449991883,-0.18726470490494124,-0.3499690224659769,0.411366273846582,-0.17954790905202797,-0.08683929384294117,0.40554903705230755
-0.14510377354600307,0.6536965648929631,-0.06313112774787268,0.38148130105573475,0.10084017320362627,-0.6841498974601843,0.09178873101736462,-0.30045785795914437,-0.387248157321652,0.4787468284488137
-0.2830162790651983,0.5179832469803914,-0.10311521402810622,0.06858986247368261,-0.4656480132434205,-0.5429999782324949,0.16888497799152613,-0.026337574796673213,-0.40707779899675794,0.040175620742728256
-0.02174269790692248,0.3939975695252369,0.07605024914557534,0.25065271861370797,-0.308258624623899,-0.02837651133459848,0.1697771812906798,-0.010057406801196777,-0.4514269962946995,-0.3974660037208783
-0.18806080457946198,0.24546614847515427,0.39044468898805784,0.40736264831354896,-0.20011997074125787,-0.1872425838186757,0.27383740050171235,0.0671125098095213,-0.0790080255086494,-0.06789257051748766
-0.15659714563289673,0.31943996189365614,0.3008560875099747,0.10517816824438861,-0.6449314583437408,-0.29855416237381116,0.47589530178474254,0.0304079653505114,-0.5432149362856272,-0.21837941486703866
-0.25793997736630386,0.7557525120379457,0.42929909697018287,0.2742134082686032,-0.7677528957571739,-0.09645652906551776,0.03589421325956155,-0.37122551395710296,-0.16258101739968409,-0.27623990593684977
-0.1324281665853647,0.5669421167268003,0.6196167513157073,0.18151218022388615,-0.6999732725550964,-0.4478814936447056,0.09989128375124816,-0.44849149749704437,-0.18006164555801477,0.3088931191037176
0.372210930378914,0.26892420230926584,0.3232784795219757,0.24685846741640846,-0.17075146738193694,-0.06862148241471344,0.6084800543989842,-0.0854108817319987,-0.09428137707659368,-0.10490487559793576
-0.2343912275383738,0.584616281234374,0.01866297756197338,0.3151023747135345,-0.4767307917940767,-0.13048501653335903,0.4279129219880151,0.14039976787208636,-0.44715993499616463,-0.3768639877796613
0.10436760578403,0.8373602062068822,0.22999421022777877,0.1483487606981222,0.130052075700571,-0.009527346541315656,0.18828593961485232,-0.1000325794515427,0.09707243026568843,0.13779845667699547
-0.039471498288827206,0.070278858871278,0.21175217917387276,0.29995204704153194,-0.24394389032721525,-0.6718371520759222,0.025283909173628927,-0.08817508168115888,-0.8179965045102623,0.017926703195277435
-0.6414133486969155,0.14816775036794935,0.10074767325690125,0.15009442495270087,-0.22461715396726306,-0.7471276984504295,0.02912853005986586,0.5434431162697658,-0.8681698212291361,0.35793289096110714
-0.19295482117534937,0.15723152280954253,0.3424928356135432,0.5696343046876693,-0.679757406698356,0.12463787988415559,0.27515143393800456,0.3626469856104194,-0.593503375493266,-0.5806394980514725
-0.10361180411493072,0.5356235230136374,0.17637046373329454,0.4701073821058157,-0.02926031233093981,-0.07741969962542947,0.3522013211613481,0.36315708322340695,-0.27925922677505827,-0.36013410035438653
-0.012711646989075528,0.3997948437905388,0.29251048739690616,0.4059666161703021,-0.18293791267387605,0.06695724137298698,0.12899282441277582,-0.1228499483138667,-0.12678810086469447,-0.463361564767571
0.06710708636971437,0.6390555017831075,0.31428035949408945,0.40664426894706035,-0.1606391437207819,0.055019016628740994,0.3637254784031107,0.060324098545908464,-0.19358575317245158,-0.09409607294887522
0.09342529190412759,-0.07785165748769625,0.6619286590500413,0.0738965914825118,-0.3808164342409077,0.19885660336360636,0.3535538973934279,-0.01698191272068231,-0.008656829711740767,-0.6112392840445342
-0.0629511133478312,-0.36058740477509627,-0.06824215191093846,0.1762511036197954,-0.01251215858800834,-0.25146728240286736,0.06033508570797158,-0.4873618445321449,-0.8359157911831915,0.28398818893669764
0.029066878942530742,0.5719173078476019,-0.14220447801030325,0.2809893325546047,-0.015625647660845496,-0.6564395209449085,-0.029416104629586864,-0.1096569456319792,-0.6379543385494502,0.1077359262016784
0.07162976411023877,0.6906265120125156,0.3365103612189359,0.5893566989573957,0.042643238526823266,0.021752545911753712,0.2710599358581732,0.12427933173944175,0.12822806075542456,-0.28115322108425905
-0.4725172333467272,0.5114182907372711,0.4541378536414261,0.1829563935221297,-0.2300186574273331,-0.44117009212967195,0.22374273613653195,0.258425124308405,-0.21033553238067168,0.25299972593401493
0.14618214370170704,0.7739104924100715,-0.03283618220172206,0.6561062964743994,-0.10204778286307244,-0.3497546142405272,0.17834771905939015,-0.19607096175023445,-0.464123082068116,0.17226865830393712
-0.11502456656230611,0.10878450110136703,0.618338603864666,0.27456862653341146,-0.20727617058798053,-0.15199600175601335,0.3045363563817873,0.23026258812405634,-0.19463880009759774,-0.3187909576007806
-0.44358524461850407,0.596913524230387,0.2849370582131226,0.08235675606920988,-0.571048831938749,-0.3775662389459172,0.20909149695731202,0.10942057393208227,-0.11306105037792394,0.5924540762174801
0.1578453755186622,0.294937583655139,0.3201915871317275,0.2260337465610005,-0.48960741580317546,0.012997428851242594,0.6727879082835284,-0.019965337305710026,-0.17549509973468586,0.5316478432393933
-0.23832046699314205,0.03774373685066049,0.19948799579904766,0.2407421583395503,-0.42004778238053897,-0.6493542518603531,-0.021892323521732492,0.4551855120256826,-0.8774827090216311,-0.02958855638807676
-0.0968581739430428,0.3440930033403031,0.027972144080652458,0.20745175107571406,0.09340569442960112,-0.276320622645988,0.3263706394795048,-0.1669520940175767,-0.4712862862195788,-0.2607214822907906
0.3051888708667991,0.472256302987732,0.01563080197394678,0.14361384907979347,-0.3257155193313728,-0.15764421538930026,0.8369858726292823,0.1210921333264133,0.2635192524527324,0.058859760074470906
0.3186919315572243,0.7345498531365028,0.07160147175149195,0.29188337116590535,-0.5973931802877965,0.5355424301408475,0.44687909743975046,-0.13936007871131498,0.03278797446174213,0.1886668384131035
-0.020014419673312567,0.6876067752685778,0.009660981609384514,0.6046723901938544,-0.1607292476447902,0.0957693575411892,0.34401147150513817,0.2025356630891373,-0.49628559719945775,-0.16724245550755926
0.04124365201826721,0.7609991377117006,0.008865157572326626,0.4247397330532204,0.05250549235373743,-0.0402674677097256,0.29784523735816965,0.31757584476420014,-0.6008602769013016,-0.15317816582678545
-0.3208774590199186,0.4689171316377019,-0.36435816831943146,0.1419921773202458,-0.7068345266533579,-0.7018177338500264,-0.36054739632466676,0.2629652829813653,0.039761131674004906,-0.4249835392964602
-0.032137795103591646,0.2591726644447131,0.7157438429387765,0.09111366872412435,-0.44621142331720803,-0.02517916390093015,0.4082201428199319,0.1758240123550368,-0.2930170510464424,-0.4587760567929009
0.2648155094252048,0.7190833497374696,0.4866190343753794,-0.10218533823303118,-0.27642708730856624,-0.2135960785977466,0.21763526552898385,0.3838462592199138,0.0629851585622878,0.4044591773750585
-0.1884133934056028,0.32000745973971034,0.11919196963678468,0.2291016188435308,-0.722326612103242,-0.5157050558514203,0.05687735404135466,0.14209338340709055,-0.2690448348112381,0.16939853623717643
0.30175000771290755,0.6640385286851226,-0.026068175784845694,0.29486087695907015,-0.15512023579099748,-0.4376098898466376,-0.07593823159228244,0.11946254623031774,-0.2510287944598589,-0.2797703599523618
-0.11307834677562288,0.6479462397255336,-0.00014126123459302678,-0.04490234725052915,-0.04187094325012718,-0.7604498006431132,-0.1810500442329848,0.6258121046374568,-0.37405588191325995,0.22862810139398157
0.3317946852720705,0.6269680760838003,0.8116310914888731,0.3234055782651887,-0.1280918418521464,-0.21662030898093365,0.002646137798683317,0.5560224163702846,-0.13459226972129365,0.1400493805542737
0.27302451957911383,0.6663424961142006,0.039705323163753824,-0.2232630441169919,-0.18845476271221448,-0.2424384716248175,-0.2730254838580627,0.17926959579062418,-0.8913788467845396,0.12499476976725155
0.27947794230689815,-0.009798532190046838,-0.07934408620697946,-0.1365411244508636,0.01402264166892066,-0.1489993471272602,-0.3474097522150487,-0.48477893476034706,-1.0856901463113886,0.4795481803824966
-0.28760312207048355,0.7231683619830971,0.07369801889038109,0.5297534161217652,-0.07114380387500396,-0.15425615500675216,0.544740324377949,0.280740848916507,-0.2564257837243152,0.2512207282490489
0.09665094303318293,0.536963747079348,0.02908109258175776,0.17728249011831004,-0.036213006274657226,-0.05008936702724676,0.29006690802329244,-0.042451987618188414,0.31036316757891597,0.10655769545041432
-0.3336127079944668,0.44391227993415394,-0.32039445713153636,0.19474691707222547,-0.2448269853436575,-0.3493523247839986,0.009864415213601591,0.12970591223721747,-0.24137840398824686,-0.33909512892845534
0.20161111920337074,0.42965268459371503,0.409419101662352,0.31082793926223007,-0.6352104233525958,-0.1912324552533378,0.5871040166964238,-0.14017371300291676,-0.23374110098281436,-0.060103841264337904
-0.22849632955433516,0.6601802133211612,0.05029242805385809,0.784831552737856,-0.09882316210563939,-0.28902661593132933,-0.017994417177924386,0.4643489911527831,-0.37966017457171297,0.00025013768296052157
-0.09544319455955759,0.39578051423806143,0.5641713487817511,0.47678991141889165,-0.21623051164052975,-0.07091004477819758,0.3965616520465365,0.13323549108735291,-0.45496545501844515,-0.45057072003116794
-0.3063558071936156,0.6508633774100359,0.4440396986738342,0.7809818352614636,-0.12781621021334508,-0.3688808926559176,0.4160187879272518,0.5427986141560776,-0.38309183248472395,-0.07326275245585205
-0.3159077861383969,0.6079139092385298,0.6348392458636684,0.0932717560902253,-0.8561877080595771,-0.1954947886860802,-0.2394945146341729,-0.05993642699932407,-0.6478056529416327,0.2639806249127578
0.09510785188004899,0.2809301773866157,0.21633484240149467,0.8371738123043805,-0.1724749125239791,-0.5727548772453336,-0.33903543145452386,-0.2255980639871705,-0.515690390415955,0.35015732958308327
-0.04450514705153797,0.02652233967854146,0.330089322920144,0.38857660937895694,-0.3630020375875445,-0.4974814073495139,0.28335760543642835,0.1918718538882211,-0.6707956630820147,0.15094956128854076
0.1374671689200569,0.26398663321826354,0.4545447015514044,0.5935551380100887,-0.03276448164586179,-0.20280984290394524,0.15780777118011133,0.14888334724948538,-0.33090701847486176,-0.22646914447126312
0.12731106830034028,0.45047097723213764,-0.06395073748189799,0.4747210826554039,0.07233161290036336,-0.4704562128966721,0.373372243655923,-0.09903305322556774,-0.06962598261656852,0.04071551302218693
-0.2691288499525575,0.641866819085657,0.4364630572742447,0.47143769201014946,-0.3207765108639904,-0.351661025357923,0.3494209124666186,0.3460611464469934,-0.18890890867604027,0.14630685499958795
-0.15900009195913162,0.4189686154548713,0.0292258389051387,0.8488723293458718,-0.11379461937568752,-0.16570668399093122,0.2685372375903095,0.2278793408848317,-0.32869475470399656,0.24674502567905252
-0.18619635424626577,0.3711172491331319,0.057987570540520665,0.8222073590406248,-0.29692472804219644,-0.17021789812173524,0.12188524719340228,0.19229401899412304,-0.10864821479571389,0.043466232313701135
-0.07778001997297147,0.41486526600929374,0.32528418405596843,-0.18478821300583909,-0.7251985236520369,-0.49796706626017606,0.14730948572031877,-0.26890927463227837,-0.5381940145969846,0.8536254448238716
-0.5007207966133933,0.4318315676100604,-0.1460311579449355,0.5878659304134565,-0.24101120398504353,-0.4473469615646862,0.31794565819048226,0.27339090725255877,-0.1251898251335425,0.23692490036445718
-0.07401649923005837,0.4702152811994838,-0.23649432228835265,0.5181310133595931,0.23944722920906092,-0.4518676855816481,0.36736135186948427,0.052001714836539516,-0.3158322220028512,0.21706869164938464
-0.4070748490054262,0.7500231230836107,-0.1942740962126614,0.33531575129332697,-0.284535378464189,-0.3281109307098039,0.31696277489378166,0.0853917469888227,-0.6659741217763677,-0.15095139513191363
-0.48023568116978527,0.12987805574281464,-0.03045537959849938,0.048019447969441444,-0.616156535478434,-0.5274900982941189,-0.09870237802907554,0.3618421628742261,-0.8518247975676245,0.22451074211896055
-0.08975611969871135,0.005382373511185121,0.46580302530348566,0.6590166286349662,-0.44797025436358395,-0.12816279893153873,0.2755790218976887,-0.13698323682206434,-0.6973787131583751,0.05355874458888152
-0.03709444228620932,0.4281615645335906,0.18251480316273008,0.00011743276646178516,-0.1105374021921881,-0.3165012375792554,0.18011612100666582,-0.644517557198882,-0.10115590217323144,0.3977389935584612
-0.6203501638216733,0.7154258679227797,0.17963016710597896,-0.018871499036289235,-0.07589912670278647,-0.31447924984476094,0.45171672225625187,0.03499216823152898,0.1647938007169233,0.30976395873675
-0.05359722676070961,0.46369227127399004,0.2581670469034963,0.5818668031874513,0.1279401850235844,-0.11397677824073547,0.23571632493347938,0.15926453968803292,-0.15232253667915713,0.024640258778159462
-0.38885843278864324,0.5707684638200646,0.34526425990173826,-0.13161624939690286,-0.8641928210436851,-0.5079908820266116,0.14675710457588853,0.016877755347979147,-0.1925947967876028,0.1518007378716468
0.17230406093618963,0.2502960760963181,-0.018225988999502098,0.114236134104138,-0.49538352023051263,-0.474963750512223,0.29993176841342734,-0.12387650068547573,0.006449535552099796,0.3674490620612733
0.2576022265203405,0.407254965276329,0.49542578396845033,0.5874650370848021,-0.1955287503697476,-0.2895083497446399,-0.10089414659776405,-0.0896621149372562,-0.1952815700143191,-0.17912416197888145
-0.0478505238434829,0.5059290395790609,0.5986445076031714,0.3443126218942805,-0.28375387966372795,0.003266364848467864,0.33345138994703505,-0.3247096092170975,-0.10092268632755289,-0.15650653596603678
-0.31448350335177017,0.13247183228195836,0.19533595943906665,0.1442801364707428,-0.24393100164262813,-0.5729019624420785,0.10311224632789251,-0.061884962156256364,-0.5560681699513326,-0.06803917359363616
-0.16580897312634166,0.6510222114575093,-0.04526692903064159,0.41334160924940877,-0.2570183627017181,-0.06522728446819683,0.5361060244963528,0.25699885352281404,-0.9013970581438783,-0.21834555960473648
0.09969403464325705,0.6010846813323122,0.515843435637723,0.20382476692785909,-0.509594295969705,-0.08134388180055695,0.36280267584408443,-0.21568611961588496,-0.06683227909536094,-0.1634571775476068
-0.2632534048310311,0.17865244754008652,0.10083579152552138,-0.07435133122095153,-0.6208422506390164,-0.43780458119441207,-0.33749837197489346,-0.3764235438841888,-1.0308107761714833,0.15638004547765227
-0.26904618312300915,0.2180393106970747,-0.04837120982724672,0.5674130539249952,-0.6914633040900602,-0.48715906299637235,-0.5514153020885425,-0.24292989589337372,-0.2420102614031804,0.20141008913292185
-0.18270076967779844,0.3087524639400255,0.10174393515804993,0.3895943289894707,-0.113192962327734,-0.4170666750871717,0.6456841077884896,0.27311853121285234,-0.21136061095107753,-0.1259298132210031
0.39248854729288457,-0.19860418399222388,0.13907865707580142,0.22699310305774303,-0.5800637900581644,-0.4534437424954876,0.07956664477032749,-0.10768615136622321,-0.722026197324788,0.08626347957509917
-0.2742815869175047,0.4499619728296734,0.43022704269928,0.5757198562941406,-0.1265204926371559,-0.6766040405201128,-0.04146908840228823,0.4795685519849201,-0.25435666273024155,0.3291117331395567
0.24345020835873263,0.37026258140652435,0.15725466448668626,0.16962166239915685,-0.2649842252813232,-0.07059805160516638,0.16395597218938224,0.043683302019196395,-0.006928758891813532,-0.9344467203528398
-0.16131795848551267,0.4444718607400194,0.7283275279729342,0.30469358413333114,-0.3716225593505552,0.11349790192859666,0.3020374743420284,-0.5570265876388706,-0.17668402603950967,-0.04823160181926177
-0.1288575006858002,0.5856649501150701,0.2587369791056357,0.14510823380783194,-0.18257148122929306,-0.3641040337053535,0.09353122529093987,0.7244683348590457,-0.19102698188542572,-0.1040132735873251
-0.10233344163171576,0.3566359214254431,0.6206750635742936,0.31299606404881686,-0.42886753472291234,-0.11301577114490223,0.247786875042039,0.07607561977695454,-0.1552079388099424,-0.4749400247095651
0.0768659397803125,0.4101362314815142,0.4046101640293693,0.6565553431021601,-0.09977056196608328,-0.0427127669293354,0.4142592879532483,-0.06989202164514316,0.06619420728069032,-0.1198267918070239
-0.1850537205352931,0.1035335837917465,0.44300110301066875,0.14261947159399788,-0.7194636866145966,-0.3487509640561823,0.2062558624633804,0.16329274359420584,-0.6645685330721486,0.14460740806503064
-0.2444842192892226,0.15406184067132703,0.11716129877392961,0.6426211512733282,-0.30711751321070796,-0.48496551069968236,-0.07024389683375741,-0.08769447506930947,-0.7218585442271386,0.2348730680154767
-0.1556184635570026,0.3777953053587691,0.3077217455416185,0.8130356819677976,-0.22659250920757987,-0.12961532837277565,-0.009802427678173506,0.07346431712492141,-0.6124392031227421,-0.13710940660228882
0.05885374463392498,0.3922129045320439,0.36488466894908544,0.2091136846444926,-0.16987359984821468,-0.2901588110955604,0.05215388729005883,-0.4476241131454495,-0.8956329726262756,0.042807199523575
0.16302530456232073,0.032529351234950606,0.6748440677401276,0.3331135644049821,-0.5964119149199145,-0.21577380205326258,0.15194476748218294,0.17282020257173608,-0.33331586698650206,-0.36490101650950957
0.028239705513208715,0.11336506340798232,0.37974193050124505,0.25857543148605217,-0.56407447127467,-0.4456214054861286,-0.17931576102171007,0.05788249879853476,-0.44683446365234636,-0.4179088279426812
-0.48772701654254264,0.4603678272947173,0.37345880190146014,0.8618725518759349,-0.20521900587610034,-0.15736798030872748,-0.18914047112163485,0.7179798788472583,-0.3287646739122282,0.4003444927336314
-0.3747234934235113,0.5909956842874186,0.6275681391668464,0.24559779697434733,-0.4043657895233011,0.021094719472258622,0.06256384366165561,-0.26827737133209045,-0.07692126023020347,-0.15705472645283539
0.03935691446199012,0.44560799060646716,-0.02863414042980221,0.6390463420409312,-0.28560746714182816,-0.032446367921953316,0.15598782637990516,0.019748324838117462,-0.49842917652037905,-0.11304646324255495
-0.2841241712878176,0.15207555495045613,0.24080095216134498,0.20683499801202085,-0.6904623872173509,-0.4335302296836116,0.2323584013824714,0.1404261176702604,-0.6707384172910618,-0.027383202383632267
-0.08244411456662172,0.48660267634550136,0.25352847882915275,-0.04403353483917001,-0.2869999035231749,0.01602838381237625,0.6114009514421677,-0.3304827641392559,0.1551376574029021,-0.16777041783971416
0.1360271910223675,0.4673930768231595,0.4089689569817543,0.26198740056145925,-0.12218751708553645,-0.5315531638183835,-0.07269463629730112,-0.15521893914509532,-0.43375077557069286,0.07537234280634654
0.013685904146712577,0.8229196532837257,0.006327397579790393,0.638389872609948,0.160381114458647,-0.3660011909346899,0.5378832834494416,-0.3425337645333838,-0.05504601098245073,0.48519182698036245
0.19171572002427498,0.38298445210061544,0.13058477166656454,-0.09407713989317032,-0.08025127366387758,-0.7279618328641146,-0.09547054605315065,-0.2200526960632002,-0.54844825049954,0.426171677633475
-0.3775951368461322,0.6864502931610095,0.6788621685478494,0.8095892729606228,0.08904102118380042,-0.182461406249209,0.008332948402909325,0.42769852932289887,0.11518132082100588,0.4502110369567102
0.31234350060235144,0.2660819166081515,0.4971417244872753,0.4750573287810772,-0.41526444191194567,0.173978425228841,0.5774047248011213,-0.3594678862470838,-0.06501628085410188,0.48464585194223164
0.6109696090612688,0.3922501106652083,0.197722975602282,0.15393869016580713,-0.2769371775337933,0.13608308837721889,0.5687127761712267,0.07976322579952658,0.05604176519966804,-0.031740057231520326
-0.6300891845109482,0.6683883723294923,0.23481720247667948,0.7656465831817979,-0.2056604444689793,-0.14385906320320993,0.004659289159128153,0.4101900171192527,-0.2579504711571843,0.10679966102016913
0.00570117692569751,0.38084789412206277,-0.07949326481558018,0.6904869874769811,-0.13210936312652005,-0.22437233904193674,0.06828571056418072,0.13053251491446397,-0.1721598434771439,0.3363719055202132
-0.00020034351711684917,0.488148689220408,-0.1135077377836021,0.6240302750764319,0.2323562626797451,-0.2795338956672621,0.2948867454741659,0.15420956726546192,-0.39915358323760747,0.3886974323244162
-0.3597984636062623,0.4153001813549669,-0.02312959273415399,0.17492949291843343,-0.39499778524299145,-0.23305636539644964,0.31726130162458704,0.24850346838497353,-0.5953153152994732,-0.3529344600316083
0.27523772986460937,0.21684416334976186,0.6082829603721189,0.07729798945630827,0.047628226465676486,-0.26826743555099003,-0.15105114852980359,0.3863348564256561,0.2462609910340387,0.36479174684113
0.35546892615567277,0.5845322705848797,0.5732809359491234,0.45131084668808025,-0.4005605619361565,0.13935727830182026,0.5537810294909931,-0.4315691842697731,0.19583932837176857,-0.010706154629958588
0.4165744408824368,0.11175044346026723,0.4624040992238513,0.38506657154808194,-0.45862624729889206,-0.14902997179287591,0.26694319374655934,-0.23216737263601497,-0.08795665628072921,-0.09963090539581942
0.3122578139994428,0.6318280233729029,0.45378155241451623,-0.0376077420259299,-0.21277893152455735,-0.3999319840347381,-0.1275225852681324,0.5897619441797467,0.04908051252915539,0.1845915701556806
0.21740995178533004,0.5519406042987763,0.13963110348990845,0.1727183064250589,-0.31370037073340173,-0.35984985360320026,0.5657571010384662,0.12363577483855547,-0.10413003449693083,0.28953046091896156
0.7237112118715587,0.35916406644955307,0.06619638658939159,0.0892042392406021,0.08509885575384994,-0.50252430913181,0.18266050354128957,-0.12801306154412556,0.02248629235741378,-0.08011938837894764
0.5538992576053596,0.4102645605237,0.08728261019916962,-0.25249319867420006,-0.5313131397282465,-0.32015520428304883,0.008354222508248556,-0.27584260069376726,-0.3722686265582068,-0.049037890881593375
-0.33291687213651167,0.7640410111740591,0.2321781176256075,0.5090710048376165,0.2852392486244598,-0.33140801319780244,0.15252056997657426,0.3166969298900898,-0.38519300814354807,0.07449323170931968
-0.15546897125268552,0.36013849320976127,0.5055016211361102,0.19300501899304232,-0.6479411527919132,-0.23484407300223958,0.14648643939473682,0.20112023030838846,-0.7393466913984673,-0.029554333925252297
-0.3054655101738611,0.06906437313221457,0.11972591523595584,0.4264446575155306,-0.43102630699806266,-0.5558363330674252,-0.054918476860186353,0.33785986924876377,-0.5646352819826636,0.008042741036058348
0.12814058874335352,0.15045073196711486,0.7886517541679747,0.26082886025050783,-0.3290975611828193,-0.1548278727972312,0.2826932850599653,0.27949153942511273,-0.4001996415388514,-0.054969254216895753
-0.07968366451433093,0.2536433474514929,0.26825904065224676,-0.004005436308098101,-0.6887111392656776,-0.5712905181690251,-0.42738626832422677,-0.3686728805843833,-0.7749655492379084,0.5201831655979582
0.4007718745527507,0.3438445360467419,0.22099395830616142,-0.09093376712399028,-0.31076784631081816,-0.2128429076793885,0.2977528380655959,0.8529353407490677,0.16763164919521092,-0.21031635942701674
0.20706410140794498,0.3876640617599092,0.07209448763191864,0.10349780637094701,-0.34622324897587686,-0.2545800435871456,0.6370204538184907,-0.09089309145197527,-0.3548766951077127,0.1490675303074542
-0.08709978134322324,0.05784507540115394,-0.24014112908407056,0.3950488881635879,-0.8468873105990395,0.03511086105950507,0.3679532825935988,0.35195687097476047,-0.6468381208970988,0.16233893000458874
-0.2923197225821545,0.5036643971714889,0.3098219716848489,0.3997295649146635,0.03436925786197112,-0.24132167171859534,0.19883554238583084,0.2182000717829564,-0.49096341870423515,0.03967852300752956
0.15272470264494,0.21486592251691605,0.5058030437796138,0.583092397186592,-0.009882738552707916,-0.14746806299068793,-0.044449004236951,-0.3588645257846897,-0.49282476233452205,0.13717847714669018
-0.5074366123569795,0.454890443444627,0.3406087602048716,-0.008284649702739531,-0.6801937418128675,-0.21075194056818194,0.3269440264544378,-0.06179668928384659,0.04320657230820158,0.7159470442135377
0.3055430480223439,0.24599205112003983,0.49450422588465404,-0.033833496525290004,-0.32144186948790604,0.11697753510736983,0.3749542200729031,0.03202193787651656,-5.8375733860576876e-05,-0.35597900573935176
0.2519352163937306,0.14454599799907464,0.44725208796031046,0.3032278002912906,-0.2050396324024292,0.029076650490837876,0.48751885409757845,-0.17833657757593077,-0.5627727820274158,0.0774298600917767
0.30666080824883285,0.24315642380195662,0.21963428248718325,0.13962386742477684,-0.2139600693894763,-0.08771609397173133,0.40891247642463385,0.3651556891014041,0.289561248525085,-0.7236523343424054
-0.6364222879465843,-0.04476176187908044,-0.006132805682905627,0.37070112876555966,-0.5296974847809391,-0.433794631968954,0.37707190312330363,0.02471919155077476,-0.4425063997631202,0.317869033700821
0.04721013148065245,-0.0789937172396958,0.5464814662337167,0.5063572490207348,-0.6374925839497936,-0.15307425924627327,0.18233935022453743,0.09969753553384149,-0.9687070577057048,0.17367512657937056
-0.054682319320251076,0.42312090802053437,0.5889135438812886,0.5599574696693779,0.020998389732460015,0.0204200055785862,0.276933629202089,0.11858492605570449,-0.09937351236377832,-0.01214695376419768
-0.0031761438332646836,0.6735852986052527,0.25671904204316415,0.2187672663731351,-0.32510119552037947,-0.511756443180046,0.21791941913709223,0.00596072798048131,0.08017061970005976,0.024489595849143463
0.5274601621755826,0.3477808700707721,0.42262686203219546,-0.05310368708656664,-0.33308840432919734,-0.35272380859194874,0.168376524642234,-0.2732803360233953,-0.10117429254270899,0.3842647950101155
-0.07993747118232779,0.430875116343179,0.1873418308962817,0.10709328277883064,-0.6719316576223768,-0.49093374364864834,0.20194745569527361,-0.07960330705295045,-0.7439809620571542,0.33396159777042617
0.06020774980802396,0.12030790325900616,0.42095743317725987,0.17571171946475825,-0.5323502228641316,-0.054407260243355245,0.15570345303894656,0.45634441460858416,-0.35047324796816565,-0.40835506305121744
0.3077606661228881,0.4017164852808868,0.3705806642996835,0.38937115310587095,-0.24283386078135077,-0.22657141075772208,-0.18919946228629253,-0.32071606794544794,-0.12000052109268838,0.7312189030797975
0.4437050015423875,0.526255625193985,0.14167651058767022,0.3219590185582513,-0.205485810300059,0.06762594469554052,0.6622029962217665,-0.034633631951774886,0.5187398862620735,0.02718107904265796
-0.02862046483410989,0.6611921824381563,0.34620217587102103,0.22748099010075268,-0.5674290103060019,0.18605156161151523,0.3873032932068514,0.10170485445874768,-0.24412650045918463,-0.12565654536539536
0.2376214786575419,0.3915489384249538,-0.14241904900817487,-0.03143291721659626,-0.7043453694067932,0.2219787023486311,-0.2203995721125086,0.3373906450923289,-0.45626714728144946,-0.27876957847082634
0.5965049637380027,0.3457569084255444,0.6382412393889219,0.3703053530893863,-0.38497258211829083,0.2154769750156571,0.3295401230431989,-0.30660083353808637,0.4979206023696054,-0.09076381129052531
-0.16834872056420672,0.517496939959902,0.5190308124190343,0.5079837493969577,-0.12239030369723672,0.07288205352761847,0.18965830795607108,0.18899575688363898,-0.025231156075691923,-0.4174380560374998
-0.15252615685932802,0.10193064577313439,0.1427163428360918,0.7115059870966233,-0.3966557066993906,-0.06171774930520484,-0.010133149745120869,0.1875113233717748,-0.7408559153222798,-0.5392808801886969
0.45660375261197755,-0.03821010355458843,-0.01731036005017409,-0.031820633339181524,-0.25781364250727673,-0.021936677856576207,0.14816683776519005,-0.35230884685816716,-0.7645874957275465,0.021057944754259178
0.3103016291606847,0.31419111239170555,0.12121711567285973,0.2385728994827146,-0.5211410850805471,-0.14433979201011488,0.3302659931150077,0.4566320043548891,-0.07768727980769068,-0.5253502018151079
-0.3682102771421354,0.5168898246802557,0.026707274570240278,0.026161324627478777,-0.3195171629077879,-0.4198038488680906,0.3986446145917203,0.3232706472318978,0.07235571339830899,-0.059358063808794506
-0.1228898334452687,-0.06233521953606672,0.10780001859718111,0.022971490316413826,-0.2315643413562316,-0.6326825821074681,-0.08341664159578525,0.23196015449189128,-0.8185196684224801,0.15164721260817865
0.5602881404924674,0.20402535159680987,0.07680795923020185,0.14356667336449788,-0.5426504641285588,-0.06384493287254622,0.33813377413181783,-0.16148586147083546,0.262809259028708,0.0482694019707269
0.3362649567963901,0.38770093745671963,0.1833879322416675,0.13991035946119787,-0.5540522929886932,-0.4258082513399181,0.20938050195641877,-0.16773880152624274,-0.3725023186978139,0.08053117279100828
0.2636884186226196,0.05885452321639811,0.6480328018032645,0.24221489222192732,-0.22816845514566936,-0.28855931911663674,0.025441202518937014,-0.20113266663125443,-0.43391188399246683,0.3152400189468879
-0.21912524000299075,0.22271244145278496,0.16729561218015052,-0.04911903748160251,-0.31050858224139555,-0.6982077992864333,0.09602945429797426,0.3593216482280381,0.056815050747465796,0.23144972813603454
0.2465323800873925,-0.20790232743674866,-0.1801161987668882,0.057350308773763084,-0.33374183521167405,-0.684983227745984,-0.26844089623116235,-0.17321766841387196,-0.9463751481952659,0.41673956385095234
-0.016673328211680546,0.5186231854381343,0.17440906123827782,0.7822576958211571,0.017039826392453883,-0.23364255225241096,0.10984490609751339,-0.22441056077005955,-0.3613704812361584,0.14795749506636094
-0.2055561760754281,0.45730216775944327,0.051793917408078184,-0.20746605982502767,-0.6816903824321224,-0.42694242797428583,0.29717498060545394,0.0008598146246076512,-0.6787655440320541,0.6430736970910655
-0.2734960652664796,0.6150480443712654,-0.14642641602787168,0.16428152889190495,-0.3559532332034288,-0.008716852785194929,0.5539820975515595,0.14221057396645798,-0.442024076736437,-0.06460849136330445
0.16144140626032075,0.511271848980702,0.06019903441199087,0.37803209662728815,-0.9189224286791958,0.24877614111904736,0.3731587214740429,0.2783887872257988,-0.22270840240597026,-0.15159266775319014
-0.06748946655079073,0.4542954524210912,0.3794391649967002,0.20924829778576384,-0.46127641157231525,-0.04194637921172993,0.5294933206638166,0.056036676062650136,-0.431152987085779,0.11987843378788395
-0.36909191418602283,0.4729617595432505,-0.00791922449628187,0.06593937701867747,-0.7744856899846868,-0.1336697488492953,0.14426272918541946,0.0658892985874715,-0.5463099666377331,0.041987050010050445
0.010117090450491278,0.40341135023722136,0.4673649130077623,-0.3343019667980719,-0.5092984298854736,0.17727582727092744,0.004279603116475864,-0.3074721886017859,-0.3742241985839147,-0.018798863460025485
-0.5408060290219207,-0.08214378739834133,0.2215783950335682,-0.1015643456241856,-0.5576390957242245,-0.7597092268127802,0.04651003246906283,0.25625216280903773,-0.8515041053825307,0.4839007611216936
0.06747393940250136,0.7222892504445408,-0.2741774284973499,0.29114695588464307,-0.8239867908736054,0.025932293730749508,0.6968575054031021,0.04433188639092349,-0.4163549667087095,0.35948459090317425
-0.05803200115974778,0.3558435643865803,0.5971415982277295,0.4748933425344569,-0.8468593370808082,0.2176210745530114,0.15703156467160612,-0.22906301048244626,-0.1798483123578947,-0.04018274149777338
0.3072074161150272,0.16247451127085116,0.39351049350334805,0.6490800887366802,-0.44423360707102105,0.03332779901016093,0.536557674292135,-0.041052504295357076,-0.5529259864627096,0.4145722801292997
-0.1635034014472194,-0.2417380797324921,0.06095405949238908,0.701710866472664,-0.6620469520447142,-0.3990566870426224,0.07499466836932422,0.35997330524757454,-0.6635657098840633,-0.161876381310846
0.022330745451508687,-0.0151499096616641,0.34387732024560475,0.3049964967343185,-0.6846755021033767,-0.28587797493480094,-0.19686217328677252,-0.09466541529025287,-0.7030374131761913,0.06073272871874686
-0.3120538581043987,0.10472749814580688,0.06433905882912706,0.9706646741653214,-0.42032505343324544,-0.31796725376297486,-0.1949245203236077,0.2730917949801974,-0.5208053035718727,-0.03911222764984769
0.08836528189487193,0.42205069713727106,0.08910419597129843,0.14980539830206316,-0.446774824245001,0.18109555330154345,0.17824445132324165,-0.11001480988975669,-0.16046575260683418,-0.2062506708724371
0.3388013352376484,0.29268826276954685,0.10577340854121166,0.1385675415839044,-0.3580297738082734,-0.3203051685844188,0.42642221072359926,-0.08768971225990745,-0.43014042530231195,-0.010244519986864159
-0.07695547228571331,0.3355250268038691,0.5006666710099725,0.24033331561834614,-0.7139936755789728,0.21198114586127104,0.09273236198907439,0.035741658068704794,0.19213877548023836,-0.5706955619664668
0.32469500826561715,0.614618825887115,0.03745390866689801,0.2345844576201452,-0.35050506053958996,-0.06716866386336706,0.6517094955313945,0.3149651637297734,-0.34706016075297563,0.13401594550345908
-0.09590747246085128,0.1200796441686117,0.3015073764057571,0.34593521559432244,-0.6459772944322821,-0.017366000204024387,0.2831696831595555,0.5330787052767599,-0.5420470502184157,-0.1740024024439313
0.29918049228134896,0.8398816637417413,0.1529873540467742,0.31620392215212745,-0.45496423855768753,0.662459794813039,0.49313952004966727,-0.03581782923795167,-0.06479021784837194,0.3783565549996612
0.14269134951434323,0.09809174944937887,0.4520010277407515,0.22848636410269427,-0.465366020695045,-0.2527174302146921,0.21302966112406438,-0.13676314623020525,-0.5574744437939103,0.02845591207874065
0.1643542637587711,0.16370336331869081,0.4075853535179432,0.34894775029283515,-0.31524794138720247,-0.05241817644468949,0.6304939194926309,0.1638160784464138,-0.20320293325654856,0.2104581802064552
0.28867257416136793,0.3891338072940047,0.2147048465724698,0.18866343811418398,-0.45261377764772504,-0.12697575802892336,0.49950483972665144,-0.1286497078464708,-0.5951452971535421,0.03635846251024489
0.22641110699828043,0.2535139836811777,0.1846170104987751,0.10173304756789375,-0.36964561429467274,0.02271308435655095,0.4614011229893027,0.141444780811104,0.5981270517485056,-0.027283232563764883
0.12084256427761603,0.2614527932706481,0.44502360446437633,0.4093049109816839,-0.4499958609760408,-0.04145914329678801,0.2735710458305547,-0.45783942245524617,-0.5328380527261259,0.2163133627664144
0.21829509037070133,0.4995623591195551,0.1642906853878415,0.059687383658102625,-0.12313822697564915,-0.10360618613400963,0.07540588858247561,0.5515595107397553,0.24158577623926739,0.16814933735885337
0.3411082192893175,0.7217267854236701,0.24145858917398597,0.3512097541782518,-0.5793952863942118,-0.09155146595487339,0.48357639667432184,0.02666460620574714,-0.26242974770489214,-0.028996194808322984
0.1268801462518186,0.3657258220775215,0.30866848339349795,-0.03682877488993522,-0.37785075926876893,-0.2494464562264978,-0.0035883753441007353,-0.11296182149586322,-0.47113701685287496,0.0700640573169173
0.3769246782348341,0.28791649591426455,0.42762832900002523,0.0804024458559367,-0.49561582301985213,-0.27837519645926484,0.17227585297463227,-0.11757655601483424,-0.11341610095903079,0.1112201523627765
-0.08129758021721878,0.4762881511984803,0.18991390275177303,-0.15918407511763666,-0.795763165822983,-0.2437187095930451,-0.4015525870319547,0.061956618241060454,-0.6630848399537729,0.23420731053567748
-0.3925036918550201,0.09056342458315261,0.017185467585980215,-0.37466070666438456,-0.3227087547310596,-0.5551601422677627,-0.15193005332534493,0.00467764092212772,-0.8517117380980151,0.31481603054391677
0.4102312097354088,0.40448092557247534,0.16006390680382546,-0.05319370432169459,-0.44803450492287283,-0.40702216982387934,0.18005295483791686,0.11362884395151296,-0.15891937991681732,0.18352214024144967
0.048857375435714126,0.5368730867888837,-0.011620198472103728,0.3959958204649656,-0.8076044730996321,0.20482742374076449,0.444495266584418,0.2867496913256666,-0.29773884830581304,-0.1952747957798039
-0.43130274562843224,0.16336493410233646,0.07382650881718616,0.18415637584422337,-0.6087801922925385,-0.32456506803497187,-0.07613000775320848,0.08903742345679659,-0.976977262788034,0.11261823425506405
-0.24578075794811427,0.04474839095189043,0.27023784065134365,0.40708002362490275,-0.4657789311592063,-0.1811997818851612,-0.19068167629878288,-0.11763957931653074,-0.7799213249985953,-0.016090062340986814
0.07611481296085687,0.809073083327436,-0.14121080391466295,0.3283951687267882,-0.7671004187306372,0.002358631915841926,0.5591892166886616,0.011997238505133175,-0.4417605102442986,0.37256298754610984
0.23365377063669368,0.08787106301001259,0.3845276230726192,0.2448258271188187,-0.47969221871371037,-0.26800089096649105,-0.02066469826492191,-0.19718916806810582,-0.4612281160194555,0.4037462747338444
0.19331725276446346,0.046128104391564825,0.5072341920353143,0.4131588323325059,-0.3368924489666105,-0.09238073683735586,0.3267995230184989,-0.026838355943836763,-0.44541102898803886,0.12677400250127038
0.30469036548284073,0.18569899275423368,0.06576368262944121,0.6116835700660818,-0.752286699590232,0.10081333300155287,-0.10089975704279505,0.29682263192009556,-0.6100378896567427,-0.37371794165105776
0.14679261469465416,-0.04511071093528574,0.14740734414021128,0.4020573784749581,-0.7146481746697504,-0.20158690530322693,0.07966990578934129,-0.2874155166832567,-0.6336532292648815,0.2099211954601738
0.40251893977569136,0.7621450038517897,0.10010227437898159,0.12928911569114515,-0.2951299350031022,-0.1773666197812897,0.6193974391916024,0.145421240614107,-0.4824145434088723,0.3522205503623109
0.40193968479727626,0.5581441565814057,0.2996840820641702,0.1590595593334908,-0.5223108442212419,0.48102673943906127,0.5609115999501825,0.15174634614912424,-0.07367309433760713,0.2849693208325052
0.23662572028547854,0.37974544402543353,0.4041217545980244,0.04036680320918804,-0.3010796555028329,0.12976556418262275,0.5724338253290501,0.14572379732423543,0.057257594682516504,-0.15276677771872232
-0.18441309684251517,0.5475566875223251,0.0562300954673785,0.28903980938443874,-0.5305145408653918,0.05139182509668759,0.40490117222836886,0.08925099723355637,-0.7416729469362066,-0.2578075748043831
0.21018096860930846,0.48955387213555,0.43188849323228545,0.39476812588104954,-0.44960452892650177,-0.10959502622202846,0.5211840705162362,0.1442507981721631,0.033584654945149436,-0.07962144353252443
0.019917923481215412,0.5378673625586465,-0.08312183602337068,0.0740545534926949,-0.48290285625805474,-0.5849038562376537,0.22579399924467464,0.07939319149588377,-0.45757177266579496,0.27241774321427314
0.46940791873530346,0.27954637670560906,-0.28392896888656294,0.11158741554897436,0.04926262363959248,0.03448233177706534,0.3799559386300699,0.2508399448942225,-0.37879049674568166,0.045742789807324206
0.5680336566131019,0.33290093708220736,0.17675941032091594,0.44479842084445137,-0.16013370501950905,-0.14169986833338838,0.301077423280134,0.0707777313554168,-0.06625524678247818,0.12880388642284651
-0.06357206547746491,0.5716219531334683,0.03441990207599557,0.3521923682324498,-0.5577086404722532,-0.009520036955302642,0.6440719468229272,0.3258918439215395,0.03737078656245614,0.14820533044258996
0.11716533855426355,0.21993689970522284,0.34369627036520684,0.26029990115364743,-0.33583668132423894,-0.2209412400226647,0.1494580001550764,-0.22503993422707172,-0.3633765162247296,0.0811051330342077
-0.1863187025269548,0.00821077018520062,0.04078770531472397,0.10588995853097795,-0.6571853647703484,-0.20352810649080166,-0.012417283215584708,0.25020156120548576,-0.8784990605307014,0.29491787203259806
-0.5639098189972658,0.254071797440537,0.025711172370826065,0.6014590390980326,-0.37504364706495064,-0.5332139728186476,-0.1243296316824295,0.12678260690598,-0.1417857696477188,0.29328061465029415
0.015130001277494066,0.38602115988713015,0.33624536642217284,0.1585680392799559,-0.3557664859342036,-0.18899995595340766,0.2894470838018296,0.5021236159653355,-0.7374463383919336,0.024726658311611187
0.18256714017291834,0.10396633002898377,0.5300089699439552,0.2287405457342103,-0.691703223568628,-0.3386188223868355,0.06459112580834112,-0.23745947102800877,-0.6350950605288632,0.27428702766405244
0.24814771898700524,0.6259096580028126,0.05046540730347224,-0.0429530166920893,-0.3719715921769241,-0.3418554337024922,0.014194967660466998,0.04646180736964141,-0.775589130739265,0.8035357515136475
0.47686904769536387,0.5698383725671953,0.2072870969441299,-0.026056565179015757,-0.5599389388451207,0.5270054651366087,0.4769806417761878,0.025549172025739045,0.05875002979504464,0.26262017491838563
-0.3459464833828073,0.5031193087716599,0.4387889554068389,0.08028127671636878,-0.7392977798678331,0.021045290357693286,0.25828886379473404,0.11301901785608791,-0.424875028982328,-0.1558586248790572
0.09321257994649818,0.04614675660819347,0.06520981417062593,0.777149340041935,-0.2862727075361114,0.12233798095195252,0.3926312386134049,0.0025093275822013618,-0.5058970513799576,0.10493192421122684
0.22475799903449392,0.4247623567546252,0.46454033742830386,0.36214810462113395,-0.3866223167024897,0.35890080589231865,0.33116675504191284,-0.27837168309483196,-0.2759972005048759,0.1751221547789244
-0.156997847332416,0.38549228989192985,0.10509330136273691,0.2250754920142895,-0.6243108750231927,-0.18810615688705964,0.3646222066150769,-0.17795112441756217,-0.24894215904243702,0.19513075401607496
0.14681142856319548,0.792334960355643,-0.18665027512172602,0.37544689842416856,-0.8190799635164172,0.13349687018521608,0.6299746244973314,0.011431603993294855,-0.4240971247761748,0.2510064393317563
-0.18430580951991582,0.0749874674441395,0.12675066897182177,-0.13360086106925415,-0.6138961441253874,-0.3334637227811038,0.2338081886695813,-0.11892667360118118,-0.9499463327958119,0.014218388929953802
0.0979191230956104,0.5702886223859606,-0.014437892719805938,0.4054876137091054,-0.1676679319997654,-0.2355246094596946,0.37238715789098215,0.21367061244540178,-0.2455927407367878,0.29391284635822973
0.08893907995067693,0.6496801548776654,0.13671324661594406,0.0070582235846199754,-0.41175606278831345,-0.2831472984561447,0.07337796459788512,0.15800004246936536,-0.7534401795426223,0.6129648979334146
0.05954283919273335,0.633509220861217,0.3171451182679293,0.23585053871702194,-0.5018410794509136,0.2921314598262866,0.348387356522696,0.2330174736362996,-0.17694896573690264,-0.1572107622603542
0.03592563961895076,0.5118139409035448,-0.20758874728947083,0.33495143457361065,-0.7397158510233713,0.07234844761044495,0.5572978663525291,0.3400490357679658,-0.5359731029628876,-0.14830574853387446
0.009902403535499189,0.36125223245956783,0.1932446876692925,0.3059839910949027,-0.6460617920377701,-0.27806660768104746,0.05262540128138565,0.3148074226662695,-0.4593669629145474,0.12035598109264854
0.03549741158280037,0.22685742275756957,0.3129320041881201,-0.09236315975704527,-0.8933456468684167,-0.2516421884791572,-0.39568727916760227,0.32915154033838895,-0.5666479348567971,0.14486005927005963
0.4300296614118653,0.539395500258465,0.03576531192014405,0.2608197306169533,-0.34654063768873744,0.04205320087338634,0.6420442511824547,0.2890437812698471,-0.6418989156558921,0.15832034243880536
0.49592303743252003,0.42963760851875665,0.2013812822132271,0.13461971356637956,-0.5253515866636872,0.09678194944615406,0.7129927565422541,-0.19077009790925403,0.11257698129360248,0.15879801529047238
0.3644989556209195,0.18384288572419352,0.20649144266518352,0.32791058552913177,-0.30358997054681625,0.025144194299921627,0.569208745975299,0.06366914284144701,-0.3646732340537973,0.13754520834254708
0.29588991886675187,0.1832329415856352,0.2731048811543458,0.4478018730866685,-0.28849500053768184,-0.006296452461727776,0.3692485965918167,-0.22406662619818898,-0.6669060232217245,0.21548394286821612
-0.303426950165986,0.6463330359356064,-0.20781870565338167,-0.04397862549805019,-0.5608543641833368,-0.45264876729467657,0.0982082813996821,0.4740217604985941,-0.39904736425530346,0.39946725148909223
-0.2030223068832235,0.12564044459316326,0.21096179099071252,0.28532641213338145,-0.504540201580725,-0.15441393044520973,-0.09197709353252785,0.10420485278877172,-0.9094843788063188,0.0931381700304963
-0.17655467867026578,0.5213952111918168,-0.08931147082057202,0.3538321304908989,-0.36358033638449383,0.1730150294981914,0.550248036757432,0.15808747723010078,-0.6797880023973591,0.08061879669861327
-0.10234150990518504,0.27051267804018914,0.5873028244825852,0.47245385060875295,-0.6714216031180954,-0.08583473709213671,0.2552853181364824,-0.22295317543801946,-0.7210904294602191,-0.08866175400375609
0.05110553215012555,0.10124784586646232,0.20361950944216803,0.49545661392132395,-0.6357530305198047,-0.07425392187361252,0.19913092333986135,-0.19477085788191326,-0.7161459857609591,0.234749786677031
0.025947147811529226,0.7547002218860044,0.00515570790100727,-0.021522248502038533,-0.6152603579629684,-0.38401840027717665,0.18424164122625136,-0.033057382451234206,-0.5368107142643062,0.7530492068038109
0.3322046492722628,0.27158157765820895,0.6109250402393721,0.24952317621517375,-1.0246607323593333,0.185624061187628,0.11959135190511554,-0.4546867986804624,-0.2523266490126729,-0.002787799985057258
0.3740088923969437,0.7958077325304709,0.12369696077634715,0.24317111023151575,-0.6878453733493166,0.5424477363800455,0.4419755822878906,0.0610187938146136,-0.33219959436401075,0.4821050680433329
0.08992295843226192,0.5970127853112722,0.22417508110438822,0.3253606405142902,-0.3809062176573939,0.05883082466011363,0.5530733750850768,-0.029497776784749467,-0.6082325057271243,0.4393331221848466
0.6294151086487428,0.16219682691506043,-0.07427072330671865,0.2669662789766043,-0.3491306611744004,-0.06400745901915136,0.42707330442684277,-0.03179442684302942,-0.4990989088639195,0.19697751989788773
-0.27844004821848994,0.40587023076535184,0.41256549818003074,0.24112799776212238,-0.3015861994660889,-0.35484908776501023,0.10098922968846416,0.665358684328189,-0.488616941507999,0.43625996423783997
0.3178230902096603,0.17054617042891182,-0.10314650325088631,0.3553079303322445,-0.33355730964105434,-0.5491796079014334,0.025416838491885068,-0.020563063148661246,-0.5277455214992147,0.34902300089207366
0.7007316879186762,0.4585689458849146,-0.08896311324899082,0.2518288120206478,-0.38618208189004316,0.08842091907181765,0.1897310586966998,-0.05205435067706308,-0.7480577293846266,0.32671911347954125
0.05516788786428525,0.4613513538380509,0.02125029113093663,-0.00840347730963985,-0.814291343105833,-0.12954839803871013,0.3930243318890082,-0.12454729030430407,-0.3070626950778788,0.4131094239997763
-0.4362380044380059,0.4564379897034814,0.21755518638386778,0.16395799778008546,-0.7106071775357333,-0.25364854079554694,-0.03692438355759373,0.12166344926583203,-0.303329758783068,0.13627418731247481
0.04425210761753981,0.31655112508290273,0.3949437205282431,0.5850758819362372,-0.5939116818890495,-0.2044390776237352,0.24993185063707024,-0.12282960143090875,-0.6751506632196764,0.5446963985361019
-0.21966682659292577,0.32968862285967526,0.03448780758881241,0.2553605925910025,-0.5346843169952595,-0.4709737762268048,0.15815158292950157,0.14424455487549634,-0.7006741622202398,0.3526582938401772
0.020088110932113788,0.30460731752012055,0.19183651669704968,0.1639219750621786,-0.4054400219268902,-0.2418429826650964,0.5026606742526399,-0.04411367800684257,-0.5985883672404401,0.30841021937793617
0.07110777190687026,0.4026579337130035,0.14004999475662305,0.5095160651962968,-0.38609045119367913,0.014887113294329086,0.42491981100734655,-0.0009214811932660011,-0.3722070204811866,0.41828016572155957
-0.02843181390960059,0.08557660266753073,0.14506127513538267,0.2777733289504948,-0.3880285020697096,-0.44760780102658404,0.12284427549974601,-0.15395077387153477,-0.7820678521134059,0.6162518758411915
-0.05100600490247998,0.6738087090771736,0.16577613762184892,0.3104381521406811,-0.5080029022050452,-0.0643146964631701,0.567500150105425,0.007336909518931989,-0.5973331329162435,0.6186900748863352
0.22112768542181652,0.459437202084518,0.28330597835883,0.3201687693301702,-0.30309217294139,0.023630971518849728,0.5698729407435487,0.2496734362667931,-0.28830730085523043,0.2950229670025618
