0.13932953909404705,-0.272152200620665,0.1570331927435368,0.2195119983641832,-0.35661230560697865
0.045863267620409126,0.07371644785745642,-0.371568064153093,-0.339046847398927,-0.10565558221437682
0.021070135147016514,-0.0005363194181172345,0.2662871868068578,-0.21121890188945402,0.21552658058768828
-0.06772056669726735,-0.15961541700571663,-0.1666587239493989,-0.076933122111836,0.030218063139413515
0.22073320844386965,-0.24121559529039885,-0.03852423028349658,0.19556357057672752,0.0016458610413279825
0.050623610986955,-0.04572626852326694,0.04986493637580896,0.11018957439860669,0.2055761581993769
0.005350095502785243,0.14919892630656248,-0.23205883216537307,-0.12589053725006866,0.11065006847492348
0.17920414279366093,-0.4086426099009108,-0.05538583316247714,-0.06538167944062327,-0.07518402129496814
0.08564876182346047,0.1782440129746617,-0.18222883343106835,-0.026750078259927878,0.17709572551659367
-0.07058801165658447,-0.12069987781191757,-0.15594980468053984,-0.09678637203684905,-0.10395505408536995
-0.34315366523273344,-0.03604184530122427,0.03652310763647435,-0.16371615003759982,-0.038623377515853034
-0.14277306021001238,0.13188966508906014,0.212125337883085,-0.17904501613027318,-0.0216746980540616
0.21784624930102872,-0.050961833511070476,-0.07035293119190181,-0.15262158369015,0.012340917026106204
0.12461570431881683,0.15488842887449308,-0.005767107119956356,0.2255215908501239,0.5672507562398528
0.16857520958012998,0.09100690159896835,0.17665713966989455,0.052117092959478396,-0.032047273385703
-0.005408498611435634,-0.14793659530360714,-0.0732864388521876,0.10942946284487366,0.02743142157770235
-0.26506181133992085,-0.2620086911205663,0.09843415180288242,-0.2840460439560959,0.15578014796064377
-0.005750513912635223,0.06606286998213384,0.1997259038770621,0.2664012288695268,0.34542414469369315
-0.30368015524984043,-0.31625266887396897,-0.012915914712975193,-0.1718801105338215,-0.1391337324281838
-0.12227234325926044,-0.27486231939690675,0.3851979588349515,0.10318331231029726,-0.03992341717443995
0.025380785646518023,-0.22162409369249567,0.15640312884982993,-0.026359085119629658,0.1440886591946671
0.08087162362579534,-0.1456815861101277,-0.05361581011210326,0.04398779769517387,0.44499707381531717
0.2466065924196481,-0.05700809443256848,0.035103939439680286,-0.11638013655397071,-0.23354707272825193
0.1429571665834548,0.09119731411190114,-0.11131253741739143,-0.04488070132852164,0.04645302052938725
0.06985703979833423,-0.03664476410782916,0.23735057610011834,-0.0514184764680913,-0.0488630456438685
-0.05327004221106054,-0.1266593686228986,0.019027297301114545,-0.021383747862510214,-0.13305034076328356
0.2926751570347685,0.10755731573682001,-0.053149530749934046,-0.04136763613984319,0.04245082217917615
-0.1950143076363136,-0.20806770805198993,0.2870381785188326,0.10627487247657444,0.0781392546679414
0.14374613697513172,0.044231506826612546,-0.05505979031821419,-0.09556538274333753,-0.2271179123055506
-0.00460645295496511,0.3022840142765182,0.16019865518811122,0.025230171716987163,-0.029326950361514698
0.09848985707875123,-0.16506565355731334,0.24179102132709165,0.1906362562296634,-0.008018442642515618
-0.1068739535031628,-0.012999627838240041,-0.15887922626376152,-0.2434890030435245,0.17930350411937854
0.2851364145644197,-0.02500774836900404,0.020618387450020193,-0.09480284278553612,-0.10864641401682644
0.11172328119595834,-0.07379151897828555,0.15756640669518113,-0.029274175385442008,0.16755394505270854
-0.0029119699187357814,0.07174105161527725,-0.19669880267700326,0.06888811222120221,-0.07229194721646627
-0.053020732404347154,0.004201689012626718,-0.15846312030798074,0.07514724091626825,-0.1607830470778184
0.2958222007158019,0.09243152990248604,0.03328534832918659,-0.1477864596948434,-0.15674750326385212
0.012307374591666146,-0.01580498972358329,-0.008038895594355984,-0.11069373465365924,-0.20555908798616465
-0.18732365152910566,-0.14367194203718728,-0.22176665748982397,-0.2753828284125579,0.05004078252003384
-0.12630587722863884,-0.07371158010344787,0.1998188347513325,0.09554900147495834,0.4226410025071255
-0.23206629964159609,-0.17728919212095104,0.006664236895148922,-0.052173224000766606,-0.08182222349535137
0.23027014025796194,0.0395201020426006,-0.06774183016030781,0.08222637953294756,0.007980983248521933
-0.11188700595989037,-0.017218807076063332,-0.05151084919441007,-0.2261934173129141,-0.024692627059664598
-0.1146096379467913,-0.17837307931093976,0.014267911425826731,0.11985336645214492,0.1862638742354539
0.006778573654209758,0.21223111020448904,-0.24775564070968367,-0.21321819781204232,-0.0735961868160019
-0.03156324777092096,-0.24907821697183602,0.031420761168233176,-0.22532075218518657,0.07898225736127429
0.21629326691048753,-0.06237727022357621,-0.19969188372199603,0.013827821303223407,-0.011768555262885234
-0.2846402619346099,0.005688988797899876,-0.044332397089103824,0.05100262137584061,0.2956408054800931
-0.20251272399645145,-0.044576532273240446,0.16322352909276752,-0.23678194793271634,-0.12566147092038116
0.036121620802173,0.15105536762907396,-0.1664077862871981,0.036017353821872385,-0.49565596313991067
-0.07508343203389009,-0.08238930670370963,0.2456435866183278,0.07926685232361111,-0.10527910670355801
-0.06837843122968812,0.00963721696398315,-0.06896698879153199,0.0872510814049952,-0.027586489161461298
-0.08163379390958889,0.3746235925585446,-0.09039513358445668,0.22620973482219084,0.13744812096918257
0.06603877980278967,0.18375926080754962,0.07798196810009535,-0.0811069393100901,0.29687908401169893
0.19229230681436238,0.16404266397156728,-0.06738189812925019,0.08076783753647597,-0.051333279602636915
-0.1707712165475196,-0.006126556104439725,-0.023539925370824777,-0.2581575341273408,0.07819518269847768
0.13936866808996612,0.029151998704627733,0.1585800342345291,0.21956881485286686,-0.10287476039181716
-0.07238274693496194,-0.12498139301714734,-0.04042632501674393,-0.15809578687682246,-0.2579063111224381
-0.13327711421114918,-0.29324186333178764,-0.11241639155576907,0.17400567206176296,0.04087797770332528
0.0627080150107976,-0.012728917266393936,0.2209174132613435,0.27251266767649085,-0.10938843133848258
0.09466403278844879,0.04070185973600585,0.16690642184975793,-0.13459887037760135,-0.22554256383989083
0.08270392170350079,-0.2904134671203307,-0.15298972719055684,0.0665200942027486,0.16772653672482127
0.12152365101436066,-0.00991496112661802,-0.13967884933719332,-0.006990843879718424,-0.18079509746930422
0.14434300549237766,0.10102155240461809,-0.14704350476355882,-0.2439179260670874,0.06305949490617076
-0.1962425429163233,-0.3324428995953906,0.21871870073323432,-0.04404125184091904,0.16211653231496617
0.0007532025327225294,-0.03883954495780114,-0.02492414552534451,-0.055272655550901995,-0.13326447092995405
-0.2492685090939992,0.040660728034994424,-0.03737821251618836,-0.010005682375734109,-0.016646673850715114
-0.04548334033724544,0.0058996133302480595,-0.06594238403697868,0.2126072195434695,-0.3632660510382751
0.17693119580899094,0.050957500697744705,-0.10207687356955311,0.0024443269310437526,0.06444560568482935
-0.09245561467102777,0.08503490143354897,-0.10377442628831303,0.04235780889380926,-0.00024561665947409603
0.07235753497998401,-0.1132408540924602,-0.12101693046408535,0.0028324272824603778,0.10116355445896821
-0.06699588171332563,-0.19540526903910121,-0.17900430823359478,-0.3177511869971739,-0.0870882083439507
0.1802489276566781,-0.0384180816460591,-0.21959393925352047,0.021493761804652133,0.1862090405056605
-0.2508300355497593,-0.07605975550304062,-0.012248094669138645,-0.06463712330860694,0.13061086804695737
0.05609523527667663,-0.10051820975946092,-0.3482421725299815,-0.3182433433135526,0.08666646454696057
-0.1698613615916273,0.3037230603004769,0.1587848712704229,0.09272259171207078,0.25643254759491085
-0.12353695387332715,0.10773237617612305,-0.015262251093136088,0.13476706651360484,-0.04792604745336387
0.031020100051526327,-0.006173114309716368,0.046016237635410046,-0.11407351199169752,0.03302762367393787
-0.43405919009393473,0.14437053625871657,0.11820771130926643,0.04992596185526644,0.0645234886211047
0.12741830350083372,0.44054306349117806,-0.13067518648293042,0.006887622737758731,-0.16659166507726472
0.013433106426020226,0.04432228003978349,0.28947083088492265,-0.02291134110656017,-0.11583195483223814
0.24843556264402747,0.2675255478527181,-0.010360364833142429,-0.49676242324704345,0.15193009309324026
-0.16042755347649693,0.07547562384933847,0.07648713547281845,-0.21488989067777522,0.20412161084109728
0.11367141012690744,0.18869725162761802,0.1682481459488598,-0.038090504281578015,0.046327656955312276
-0.1410193546212854,0.06356009353726905,-0.22774060128384677,0.0746146650192192,-0.13328604032231992
-0.2107944439327101,-0.07887834989834429,0.09344798462724618,-0.2011189586466573,0.37810733969469323
-0.13447648791551456,-0.02805637343341289,-0.039416614110792954,0.17897484877874106,0.10533908884886235
-0.007663920567405954,-0.17669963649501405,0.011233837731028689,0.24569326936244015,-0.11915670870583177
0.18642313629659682,-0.043790279174752776,-0.06587680310648747,0.08382037605981446,0.014913443349443061
0.1500955669809468,0.1903690516314733,0.17181293708871226,0.02066497979789157,-0.14909864666015754
-0.11429831270040794,-0.15175582391976128,0.1607064495758214,0.1646561807155632,-0.18989232262126574
0.05753636513195943,0.11011202660955167,0.14602357070272942,-0.062110557650586706,0.009441614413839788
0.0970912210613516,0.142425182044463,-0.011783025351682219,-0.033362710377601384,-0.10503544129367196
0.024966928555039392,0.023930229715785477,-0.0513957323166111,-0.4733188499213691,0.0010094733350740053
-0.14443010732216396,0.20123954669786023,0.1707293846234494,0.4060387319958471,-0.07877040290967141
0.30866276808682797,0.1742485316957952,-0.07818537055923003,-0.043580030766008734,-0.3386554496228133
-0.09186976310015522,-0.09555752821535192,-0.2442404862155608,0.07954691969161466,-0.1337375366576452
-0.03321028929975785,0.012139821490337559,0.1213187890095589,-0.005963281127151484,0.20085655515706757
0.1565005777348481,0.06150023976271599,0.05877856734710206,0.12471311738758395,0.04001415793827726
-0.019308184233175086,0.10063454145512281,-0.03319558802871068,-0.14727208156121255,-0.14901187345311148
0.06884528846952118,-0.09666849899086281,-0.07549821836176628,0.39117078841783276,-0.008925392120981656
0.14345247886481266,0.044270876378475724,-0.25421308696563166,0.04535779426145609,0.055817192370322274
-0.09815117488640306,-0.1277118073767854,0.17718330509082159,-0.13299192701794216,-0.11920802985555506
0.0645300209987607,0.07801196978918562,0.15372964616130733,-0.0004704604244385045,-0.20872597171807844
-0.38557430499589357,-0.04966404203440318,-0.16624918909679445,-0.0712167455723076,0.005387799677667417
-0.08849391795156462,-0.09362033081127931,0.015085224109849827,0.015707250876600493,0.2612916545856283
0.11457494665078509,-0.25614101021282026,-0.10593751777820788,-0.08049013904119237,-0.19263393572525264
0.2343741093245488,-0.21256836487923741,-0.06839269942707808,0.13437273688952756,-0.04617193297332845
0.007021885180447586,-0.020879468256394532,0.02210196266099523,0.05012761058134613,-0.027267106122255146
0.3059882361283833,0.29133611084899685,-0.017097505972191295,-0.019055305878974953,-0.00939996014312505
0.06991543147124532,-0.0026770572231419186,-0.20781362875310203,-0.11772005698917645,0.2790578920384547
-0.273146087919818,0.14739772848847388,0.13195687941174244,-0.016200530095699908,0.37387655919109736
0.07209099804731911,-0.016038546279431982,0.08719708757838708,-0.09499413878635783,0.026432968418026143
-0.08657718899139501,-0.17682302113478449,-0.11715771411872831,-0.07392119952833706,0.22507554854282225
-0.22504010406173372,0.0874648928376629,-0.15251710029868973,-0.09601366948572149,-0.21088083066430374
0.01107602258007458,0.11191147931534684,-0.31960933706921973,0.05976690581593812,-0.08385284415882717
-0.17062142982648162,-0.05665555837060522,0.20537061642805024,-0.07634652146877315,-0.07751658237722114
-0.16503237825540462,0.30359814347482467,0.07835093996827254,0.1775949074914709,-0.022220944814272447
-0.041116658247773545,-0.09879098156070437,-0.12700501311822068,-0.1088931136533459,0.16196825122210337
-0.10262875473735494,-0.23746203622451192,-0.21653860282954823,0.0005017020482132731,-0.10147938695418265
0.011783195129570524,0.07515705121431597,0.23731436689359675,0.03976017752421578,-0.07925115430365513
-0.060718296214006894,-0.0891903310678909,0.029348012417708215,0.07357268447820549,0.030535474973015623
-0.20047413432681188,-0.12703830601884106,0.09843230440924633,0.11246892197541555,-0.1628065866544245
0.11738335259727378,-0.2564098966916881,-0.16250600947955554,-0.09428444840549698,0.05805801709987312
0.2376793364956392,-0.3057099573074039,0.0694010707159558,-0.04803214444991348,0.11594319482095913
-0.11081655318418032,0.12884539253248656,-0.15853902744574144,0.015245508890626557,0.17370840462400466
0.09337928381448082,0.021794799410922345,0.01137070472363346,-0.006925741885063642,-0.16282828809174252
-0.1446335342461712,-0.3198268947559468,0.0007856664416044253,0.07625319830247691,-0.3161161094042945
0.02574578944170613,-0.04555707462282401,-0.08171878884587644,0.022645517309686995,0.14349315374178837
-0.14862790508850307,0.03267212335189482,0.008822822879701823,-0.01801264589976016,-0.11859389964424184
-0.12711943672501538,-0.009629735066741545,0.03443716195745744,-0.03721030158441619,0.05265253697086563
-0.009742122187015265,0.1867837237320823,0.06231378806208567,-0.019471170730986684,-0.301967398120441
0.18821532485161177,-0.17592705346200088,-0.08710262017936063,-0.06215020932104973,-0.15289893339444594
-0.38307874528826025,0.03107344193131068,-0.14855898671980153,-0.32901477501302356,-0.03177006782292825
-0.4014695694149001,-0.0011875680365671176,-0.1344246087944147,0.17326677676145189,0.2388701192575535
0.18100639645858443,0.07164785978654824,0.34544098049001204,-0.07412855109419747,-0.07965633196975985
0.07042694003647733,0.10581026835191824,0.11620362003070636,-0.08370102601023331,0.12809925158135577
0.23538812787446428,-0.01090275707232611,0.08460616125531129,0.09600946147061781,-0.10748197395618725
0.04367150346911264,-0.139475480466431,0.0519991182774211,-0.006842337208594309,0.21378775035572004
-0.08286189539232588,-0.2960869117338826,-0.11341570123382151,-0.2437356553100103,0.05723104810876395
0.19688046055535788,-0.05341217690798428,0.13008216974056525,-0.12915710333406352,0.21653470247447867
-0.09844854929095224,0.16145227092592165,0.002008705573568962,-0.02812355608345139,-0.0820921196782991
0.0014409771953187178,0.06332843276344066,0.3448658017949027,0.21226269799798594,0.011372229909804472
0.14986969401837597,0.0059483988898337775,0.03800797755357193,-0.09508777093246978,0.11635839425110574
0.26895496623492565,-0.15519474107959,-0.22055527230067878,-0.082200839987026,-0.04328722687619746
0.0921476861596669,-0.043194640865164585,0.3084432728206771,0.30954638885430075,-0.09714698049425143
0.3421854223094999,0.05882725657242137,0.00970847929844547,-0.07060112601683316,0.24912182650128417
0.005260931337085735,-0.0282214058764526,-0.039807848732376735,0.09694772103924994,-0.2897153130495469
-0.0069859860065515315,-0.17057497701074875,-0.1450799293303686,0.051362498861801165,0.06418280198013718
-0.1076360745726668,-0.08844299707388596,-0.014349837576923152,0.05665961807891867,-0.22616629836045554
0.04137573829350552,0.3801592639587276,-0.0789867756931339,-0.23284770727814677,-0.13595076538840065
-0.20297768190293655,-0.2003958461559439,-0.0665927094297981,0.09015448258897524,-0.21808405184750249
0.16902707713373336,-0.08921632427748762,0.10333417052645477,0.3760013767505563,0.041680100857159605
-0.2066128591282689,0.038376116047505196,-0.20402863445646569,-0.01861824245391184,-0.14522538449248923
-0.0840866893562792,-0.111644601976346,-0.2123367311711127,0.08212494806073745,0.20685078173973076
0.10653018215143675,-0.0168973267357938,0.06903572467800025,0.26344578199734003,-0.030303028102588905
0.1966864820784105,-0.09568240314480919,0.08733809763757033,-0.5111283553618078,-0.22063678819576701
-0.1068957632825763,-0.029711468110934874,-0.41746560234363816,0.060573467983684764,-0.03859136056542897
0.137423586215707,-0.2315196844878191,-0.13520235615842616,0.24611008995044362,-0.1567298728559003
-0.054112239316360056,0.2377296732099111,-0.05176918000176038,0.31968108839011034,-0.07399800628095492
0.26008544444240494,-0.014347602896426129,-0.15114408975083146,0.09422291732521955,0.11400478816243814
0.16088938779305778,0.015287015060183196,-0.27955173901444896,0.09521214622566732,0.13572458764305997
0.027282380361702514,0.28039645281011105,0.15234506561883446,-0.05289479596309598,-0.003056535788558837
0.1396124749203132,0.20337337098805094,-0.09809243719036105,0.06549557518300632,-0.1960005144158214
0.20949293954893727,-0.23943659728693573,-0.1011572391527592,0.13648440505968518,-0.363236429883185
0.27224623627747335,0.0839005906505412,-0.01868495400631427,0.38440336562193056,0.09873982350948361
-0.3274567756633028,-0.20905669902595783,0.03424029033718471,-0.0916264252795079,-0.05390358164602417
0.13549202998391394,-0.1627751461169988,-0.003283388314063595,-0.06532401797850727,-0.029792626876949956
-0.11020879762844285,-0.04092662664462666,-0.01437366030011024,-0.1399184969436303,-0.011464122274105962
0.10901704387049407,0.16643145557555092,-0.1424955457045647,-0.010789756682454986,-0.15526583077390368
0.11407815239143364,0.09348339971012141,0.11315126889001276,-0.31237878858070545,0.3253823439851738
0.06982549763603553,0.1905155065209406,-0.21568997470947776,0.07280832535416984,0.24001987488262588
0.09041723759786538,-0.10445745566932262,-0.02358505142159714,-0.090706764370104,-0.0982180251985321
-0.5498007687565283,0.0879603993096153,-0.05444626190352353,-0.0753292274744407,-0.06432591087786235
0.11800946511657219,0.2534783506282212,-0.12173797049151289,-0.1741345594081123,-0.08549661331489364
-0.35701218707373017,-0.062360659423029645,0.31936723494168584,0.07414010413453036,0.21480142352945836
-0.10118452386829274,0.07879943207885075,0.10266260176813258,-0.006423730874503123,0.06687807965822544
-0.40215475272500784,-0.13527493129172072,0.3966861863131903,0.11497245092365899,0.18722445776092855
0.02559616337160486,-0.04562332211614033,-0.09638716696445346,0.08142516951066232,-0.01258690862902411
-0.24688447160435048,-0.0231767049202958,-0.39708091678375873,-0.06489987164110526,-0.07390989173544002
-0.11323423520474366,-0.06394302476376047,-0.16613707410778955,-0.11191979986150016,-0.15656169541887235
-0.16614761390706906,0.035952016615045455,0.2539067442917922,-0.10554238779290638,0.2378601576976014
0.1223820905807038,0.06112743579689492,-0.014072952574397349,-0.07257341990085868,0.06527206748684919
0.1708582271097127,0.1295422501884562,-0.11035666030306468,0.01772208340231575,0.09662655540568385
-0.090073180008548,-0.05389225480045696,-0.06878745295713967,0.3030764870915625,-0.06794317389670122
-0.07752283814856346,0.10578676595835655,-0.33422668120617216,-0.004638339417712382,0.02261707075142742
-0.16418107665719797,0.007452474194586745,0.09735735275045991,0.08851805407796644,0.3304960997427206
0.10017199486382111,0.30164708504290033,-0.07484585446320924,0.15851244354037913,0.00806622939410003
0.15110870401484894,0.10705910428597204,0.06754016784567378,-0.05310718965881251,-0.06926721207937492
0.10967955371489953,-0.24593190971866027,0.021245705894939026,0.0056170679641114095,-0.2691085544578765
-0.049695122941213386,0.2262583204993815,-0.11829168104459953,0.08593945649276,0.03329160177369818
0.18892333119904287,0.1854870741947814,0.025470313529186654,-0.07803063139891207,-0.062710584334753
0.10313243746385964,-0.28383710835587583,-0.10383693288684638,0.13013797666811378,0.00231447124918399
0.06954384189523109,-0.1653074201320113,0.03836371231401172,0.030693195068921486,0.07999065870488488
-0.082579602048281,-0.02542881025952188,0.08376537926974618,-0.16606236615181347,-0.2046267115000743
-0.0861208635473393,0.03489714636802872,0.09668636849100216,0.007770797213346537,-0.013198916773491411
-0.12663730339866452,-0.18430690332970195,-0.02720144849216204,-0.06443544806221463,0.21764862294666576
-0.19969443296792294,0.16947962724354246,-0.03397736585507887,0.10792530356930209,-0.04713913719856834
0.024011146400121933,-0.04677270404716025,0.0490701757677115,-0.00811454988533039,-0.1915957569192633
0.20106875045297304,0.34023635181690975,-0.005561617323542719,0.054270922729300175,0.005660755432662897
0.2262971115774728,-0.013431493529985964,-0.10037419222213298,-0.19038067422258376,-0.01845133354381795
0.10796751478484959,-0.1252864673899133,0.02417721206727209,-0.0005699749728186056,0.12047984818275398
0.005360390429835463,0.13804324732206535,-0.17211983968664873,0.2095072323474086,0.16470302727470199
0.2815890434700232,0.039953955411520976,0.03602751560652029,-0.008806567904552597,-0.09147314819075562
0.03410045381446303,-0.005020979718360037,0.04607315383480963,-0.0014152393263412368,-0.1284862037349044
0.006741340148146377,-0.08971327365733879,-0.10108189065224818,-0.017770112756179075,-0.016319146574350622
0.10460174162876994,-0.040964444119195996,-0.05248313494065059,0.08681092185359733,-0.08480673499854985
-0.16974771522826612,0.15537750879481185,0.3379645079145076,0.11635863099127587,0.10816606781622076
-0.13458819151098203,-0.13972914500777447,0.046081552092888035,0.08096954348629816,-0.06105686710024411
0.2966444885138897,0.01856802591118706,0.02346374581138706,0.09263421275977878,0.021750403553294904
-0.010723534981054538,-0.170466966858652,-0.18224366507052195,-0.07393987337414738,-0.169563622628073
-0.18042351401963944,0.08963852201819529,-0.2546139516904248,-0.08823546516472347,0.021122924580101794
0.305965039977638,0.1417087123042004,0.02779610597116959,-0.17161815720496956,-0.04339541493350801
0.23835153833816988,0.22158009684347096,-0.06576073300442732,0.2094571452953568,0.211073836579919
-0.32813365306120595,0.02190884443259854,-0.3650061659821821,-0.10604528787739918,0.1881137722833248
0.20294717603262502,0.09297910167221017,0.18842895142216215,-0.17765023549525183,0.08068471033824527
0.10105349432640927,0.13241970275711015,-0.13827335766196586,0.06046578472691386,0.004744118424775458
0.06520207044390643,0.02029372485538785,0.17971853876818952,-0.19881378500577837,-0.06381212016953715
-0.01661095919547406,0.19652791783423332,0.2598423549613131,0.36460258688578356,0.07179452930272422
-0.07109461573467425,-0.13228761977265294,-0.061377842034713984,0.2692411102402719,0.04400721574649573
-0.11817510768170157,-0.05849175762849373,0.15508199044238866,-0.10566705492741801,-0.1404204796288281
-0.10016866491779639,0.35183637792741135,-0.04716491650769637,0.1974374767011133,0.1615832157864765
0.07152350331291697,-0.02027420841953103,-0.0894047296378223,-0.06655069340055349,0.16412821686524323
-0.15417740927905044,0.17723796182152746,0.1960024885649731,-0.02195692545422675,0.1616850251259896
-0.021146278105358966,0.008213239273764729,0.11776650528132045,0.02011236990264471,-0.060484237572605716
0.1844536868206672,0.1654041709629681,0.025381771092243405,-0.13455883867729487,-0.0017149054213143019
0.07807454365203328,0.022843700702190294,0.1541529366965494,-0.000603239322827312,-0.22423994697776425
0.12537570102913262,-0.14451169387863413,0.2838829086621764,0.2182641351519157,-0.10800523843112739
0.036716661972990235,0.06148303660380561,-0.17784592574327562,-0.06773443566029665,0.1659102521230023
-0.08173251615461585,-0.0443496117389466,-0.06305604859993959,-0.10677641858846451,-0.29538614436730276
-0.17475864525412668,0.13257029424516412,-0.034054881890490024,-0.015333663270992028,0.08779902401681437
0.10391108446171847,0.05068614536427933,0.021712932557692573,-0.11606946365901065,-0.07145862021924737
-0.19788827590920824,-0.010358646858636147,0.32359055482256893,0.19758879423109546,0.1930971461204648
-0.28545556440590425,0.36687153253732707,-0.049331305787130776,-0.027313734530616873,0.36699425827082377
0.0946437038021435,-0.5524234206603988,0.12088376254440851,0.3003523437816528,-0.024373287343671134
-0.05759258061498907,0.12051694445702735,-0.0005078159866383112,-0.17561613474579663,0.053765717424895935
0.15987914283102903,0.15686060904227914,-0.26094176008518793,-0.42424951130983884,-0.09793500762586378
-0.17269136801682716,0.12979072383437823,0.33972724871522075,0.1441591428499693,0.037784467427451514
0.18721768871377825,-0.007664826206464063,-0.19667155247492055,0.06922692253810935,-0.04770340608107207
0.05052405137349019,0.015592342674241042,-0.1831264342436632,-0.2442815230990756,0.06619091243441126
-0.08862781357481601,0.1122689326986983,0.05339371452321474,-0.12646978430492067,0.4057953734560208
0.29408732823355604,0.11226968449982863,0.26836873009998663,0.18842879515456304,-0.12304944476688078
-0.08555427142118757,-0.10547770161274099,0.16152579555986035,0.09250158188979825,0.2549166428358554
-0.07900728546559115,0.13936517718607433,-0.08124614177790242,0.1364531298070049,-0.12860562467281597
-0.027383321644060047,-0.00013069023564257618,-0.04609733468728222,-0.2809243200368306,-0.12120086941115882
-0.015230107055862634,0.2644844083436843,0.26056367972871747,0.04233453505497215,0.023090064647821512
0.06346874101584597,-0.0010153791262597198,0.15003454749638587,-0.03053045867578245,-0.056904205830108086
0.06497315899699509,0.18162977747649306,-0.1631299858864415,-0.15528102601876748,-0.2775139094399862
0.03614570701352185,0.19667139750409454,-0.18243052025656287,0.031003257046930625,-0.040260772372706095
0.0225608456926691,-0.057414425796309176,0.11639779956973352,-0.16789173308463928,0.0825674277765612
0.3209261152195285,-0.20967734924685114,0.0903924756826839,0.35642378259865415,0.02259096594021591
0.012153211952174687,-0.08202297423175295,0.02433271399271494,0.28257460800499534,-0.0049271856246384995
0.03251397390011561,-0.2573007449935176,-0.3870248109094519,0.18897230240633248,-0.0848756993522274
0.0858255782924554,0.10716015225838443,-0.0015091971996408042,-0.041107261055707014,-0.26475295230198126
-0.09215678710068098,0.1279846684111813,-0.06568551507243019,-0.024890425589339564,0.0819647849114016
-0.30339962134925313,-0.21584574814907695,-0.4240514824824881,-0.045595821401946686,-0.20946494282041567
-0.015618021891961693,-0.19853575536426643,0.07575176089314392,-0.3719260776266845,0.18537813747360338
0.11098490600170184,0.0270125619640987,0.08083320202338627,-0.08426444588640246,-0.09844333563011302
-0.013595422248088462,-0.03036624156707984,-0.039094984622968336,0.08372084511377345,-0.11218083527839041
0.10539468379116168,-0.1634244594876055,-0.06158166017873216,0.15210501663127643,-0.07733242991178041
-0.10068239540730013,-0.2280230897275996,-0.08059953805750693,0.2765962038941919,-0.053908153775828895
0.26406680835321494,-0.022302925888380194,-0.17564873765494965,0.25349822137918626,0.29539546705992825
0.08801502822482132,-0.04367966179355344,-0.02333809049902376,-0.20132126084464616,0.3680694232084732
-0.1347197860661296,0.18546089722791195,0.279415212448246,-0.3109529530114704,0.14955202042448507
0.26026874532398014,0.13785332763243918,0.19462466746975784,-0.02545618057020083,0.0009945861141612536
-0.05816272392673077,0.009296257668949506,-0.011859040111936956,0.12132612141776408,0.11899208649574783
-0.15404685310241756,0.12216325680364291,0.20108884568662364,0.09117047334275628,-0.3889325047478266
-0.06030160692746328,-0.1500721671941088,-0.030684115515627594,-0.038845140076561584,-0.12092391058350568
-0.122960438680398,0.1435784697367628,-0.44449919659917403,0.18574029075583234,0.43956763545914307
-0.023351872790439553,0.04104030764284542,0.09524455504512797,-0.11883834100345426,0.22542315182989262
-0.12874711230664349,-0.21555439424351722,0.16354371335856285,0.08913597902721809,0.22851258450664616
-0.27923905612594296,-0.05235812520641382,-0.04558102916142363,0.0007664581765021718,-0.01950981726715337
-0.29770152851976517,0.12566005293537724,0.061311142975721156,0.23202480690690389,-0.11169639195944166
0.11726844277758867,0.06313973651383209,-0.3680974741448298,-0.24115534819703247,0.18338161512280005
-0.3315872292104864,0.018201312630985064,-0.257224811581568,0.05321214015589854,0.00675112142538718
0.08713826453674009,-0.1203251288665506,-0.07339003130486228,-0.06313754215834173,0.05101338213382135
-0.04510322080285441,-0.04412317505517837,-0.010281379889099771,-0.1708579045572702,0.017019706673430328
-0.20660499718487588,0.11563217016697463,-0.3147105751317206,-0.04099344377584371,0.04772548881477159
0.11883017602601166,0.2275315339857164,-0.19592082313045278,-0.0772786098079953,0.034682190621008184
0.16813426133510298,0.2707889576566812,0.051247537179707155,0.0365056270193176,-0.07456864244607629
0.1354180547063089,0.19802150899797638,-0.17075069089192085,0.12431748657629386,-0.03223032233455866
0.019698763825850844,-0.09688891034032593,0.04579975134640333,0.03503263827599369,-0.15051544193883903
-0.07694031445233686,0.10478820922406805,-0.07510142593906323,-0.16557178212177995,0.13221744706697824
-0.013747089666722655,-0.0429033881598356,-0.052073560911178415,0.13811169305596552,-0.10994668025250917
-0.08182554852561807,-0.19392370207755052,-0.14497340693073155,0.13541632060794584,0.0732510342512918
0.030377286614704846,-0.10691945110094904,-0.03850553874479903,-0.02708567618700657,-0.08316916326993079
0.04346801693344398,-0.16875603250128535,-0.012224731987025486,0.14675769654956972,0.06316201129133242
-0.2441377709946664,0.142049053253035,-0.10806895812265588,-0.0708587507484054,0.08702809685480356
-0.11315614429428782,-0.11544281719026415,0.02864109774342026,-0.030405853059666435,0.19283219344896382
-0.033503764619531945,0.23019189720130231,-0.09729907346837374,-0.02130278258076348,-0.22632740488149694
0.2230245369723249,-0.023243310843541823,0.0491741308478221,0.07151703895259202,-0.1857312990234826
-0.056102058797187326,-0.32852779411511007,0.20439696076128297,-0.17276193129290174,-0.16010441742817688
0.011906023260689739,-0.33994367304374307,-0.14228044285338606,0.13597937472078428,-0.005324646414020075
-0.23391218725762017,-0.0070832684024728886,-0.04140735726043505,0.07024116406198896,0.09003090060069073
-0.014253358921502417,-0.07213891216658666,-0.05512684624787172,-0.20748661676383745,-0.07670386029987154
0.10509432599192037,-0.10370273504775875,0.2681011623524823,-0.055690822529654335,-0.33382061239838534
0.10614395771933545,0.01163475193396154,-0.26980817442858296,0.029504418019657478,-0.12094990801247572
-0.26783375606392756,0.12542860816643975,0.23040743345376147,-0.281260585644245,0.14218126458106134
-0.030749111505807343,0.15428642329073738,-0.3226021143885203,-0.10941899991504225,-0.05575691649833188
-0.013320377917667908,-0.02946870134013772,-0.0921466866322574,-0.06961056364539163,-0.2604950988395879
-0.010260372195666423,0.046809315852036626,0.2130114410179751,0.025099561890313243,0.16156891037433252
0.06178893794354283,0.13446774470884282,0.07418747543608006,0.14106871154410622,-0.16018538791347356
0.1364578520049463,-0.24351373028973936,-0.07349880919408701,-0.18313296081096617,-0.02920069003993032
0.4311793243098093,0.068299815043961,-0.10076020833729485,0.06089070744044398,-0.22865971669214705
0.2986853255018712,0.3159824998343354,-0.02369451216382142,-0.002749345423327075,0.315377709802239
0.06930392527966292,0.22651484004023892,-0.006635546728170144,-0.2928665109688374,-0.03664771007334465
0.012194731707603008,0.08610828820786519,-0.19625264809644674,0.13106481292204236,-0.0064823824101668545
-0.14106769036806754,-0.15403104470452456,-0.13053381711706322,-0.27766624160329517,0.1630361483759699
0.16187001266876275,-0.07510782716450275,-0.33068349976391437,0.11916808057111652,-0.07236519792360359
0.15244132568523194,-0.15283677643944965,0.11218429542829361,-0.24612778749152875,-0.10551191185299626
-0.15299002146749818,0.246998694225298,-0.09985958749199535,0.1572309556038684,0.2281902576274496
-0.12303077813670941,-0.009292164896711017,-0.02506897948715979,0.2050216162544596,-0.13561895668685353
0.04851208914774638,0.1400489221434761,0.1387055060506727,0.04900775673426223,-0.268416640186792
-0.14420541221397565,-0.45167342346357064,-0.22488275462700505,0.3208558138731323,0.2564947251092412
0.19443647170525874,-0.0230962997998133,0.09507218473859397,-0.21479860646102802,-0.40862652827614954
0.0014918459652495735,0.2512930547963517,0.19329907026055046,0.10583020595969521,-0.17229744325044224
0.0376723725115252,-0.19635748191417804,0.03458681985606544,0.0052298046249597396,-0.14774467827359483
-0.13444755128531252,0.15584103060029486,-0.14532729486793894,-0.22356193604870042,-0.04350091287142542
0.07449010562504746,0.06324336672062854,0.0006946407387803447,-0.1353550920616963,0.0796583688687013
0.2796544090571716,-0.06873533768703485,-0.08494021293679889,0.1334069935255551,0.1605932686743057
-0.019065677709382084,0.09007126024841294,-0.03318212907496211,-0.038623290035125275,-0.2350033570393396
0.1525566938347097,-0.009789035420568314,-0.04936490283884669,-0.010831768848187828,-0.08057430273182298
-0.035699811660648104,0.1658595871937392,0.03594245288474363,-0.08392176422961883,-0.04069289752193161
0.10097899250403597,0.013724060263074255,-0.07914078055210033,-0.0002130474304676831,0.26487073287619894
-0.22723581458052916,0.04289648651807984,0.031901954378714036,0.3511248609215984,-0.05421979803611801
0.13638342725843036,0.10067803078762654,0.05272780541996835,0.29126798807263043,0.06693094312105151
0.012227935761535308,-0.09391616088761996,0.2172257652769971,-0.20271885355751598,-0.021547107251114656
-0.028594646932258824,-0.45151008037877166,0.14480081317080487,0.19696800116451035,-0.14474219040967673
0.07726340157883435,0.009533748945406057,-0.08718228941995573,0.39797608725032807,0.01588203719250272
-0.2518711749177146,0.1372414012235891,-0.049296164444565735,-0.14814633130034807,-0.0293569476035177
0.10833815662854435,0.10835621114093484,0.09054091897399383,-0.032210683046604745,-0.2533065822862295
0.040360861388537755,0.1145974298021431,-0.22266752896535486,0.048134155163965416,0.08955802268529221
0.17585940628168173,-0.18726137147775346,0.22943484480337228,0.14235138335077518,0.05506314005499714
-0.006074171222533903,-0.15540436052703452,-0.19822037321002753,-0.1616004357396203,0.021539979717665556
0.034706139910982536,0.2563114307522946,0.34004491613963195,-0.18330571366903306,-0.11446161033844951
0.2529779321271878,-0.0030031998562051105,0.059640381753832454,-0.11975438821600838,0.02373401376204194
0.12019079903066296,-0.04910487185310585,0.1717888070237417,0.0461496281866733,0.05005124331693677
-0.07542444795833203,-0.22004015986746137,0.19022579695784633,0.0016864613271104026,0.10449834450692823
0.2727988088662465,-0.17761147449166928,-0.04196793224813731,-0.30200738390363785,0.006910384425022397
-0.02734879922685031,-0.06054835215071425,-0.06192590487921696,-0.007537823952731041,0.19275125742752167
-0.023584325106584793,-0.051554254517227775,0.39363122488659485,-0.15751419749855028,-0.14292167030369607
-0.37755578965830716,0.03603789053342281,-0.07420446568287982,-0.12491045943897378,-0.32381974120931445
0.055841553329446604,0.22623191796966285,-0.2684149230051874,-0.008848684923877333,0.05666238530940562
0.13200173560153636,-0.09423848328616102,0.0707328665118078,-0.027335434343350232,-0.1267304054439657
0.43283435038611867,-0.2129672216234729,-0.19475343065221365,0.24083993299176198,-0.21843905038895806
-0.06595234921084199,-0.304655677233964,0.1175342741979084,0.17666466143235204,0.07274649552577928
0.2840130622952957,0.11057627145937228,-0.28506591756313615,-0.1642994505831325,-0.09685696219852453
-0.08906516777160099,-0.43996359254075623,-0.006653890690516287,-0.13632318155686593,0.18523695397881287
0.0623080077007943,0.0598165566572822,-0.21932013794531918,-0.1710926089420598,-0.1009807895619359
-0.027984283878410853,0.019763227779101052,-0.09385245770754191,0.20360159183663687,0.1490031150778618
-0.397324977492566,-0.19589358043701335,0.054694414386188994,-0.19080829623257572,0.37479011077222374
-0.0027618394431281152,0.1699339488811576,-0.2207104482120378,0.018362914829316172,-0.05076063905482327
0.20686144053253214,0.340003130038868,-0.16832414096276582,0.17776584878580348,-0.3137863966822152
-0.21533637858600457,0.09880221087586243,-0.17901470820406057,0.056320125463128,0.00944962151993945
0.43744292674027163,0.004659813834585461,-0.041684762993945884,-0.1583073138659522,0.054022643251477466
0.022456166137699213,0.1569517032058821,0.0883345289946933,-0.06527765813409828,-0.13458983667661426
-0.19096169830046356,0.13394910546356154,-0.003830634070931677,-0.07395891587548024,-0.2356141947142626
-0.028088333275210983,0.2256445920413208,0.028547108765212346,-0.11954603355713055,-0.07305752387361636
0.38897344926894317,0.3056753323118273,0.0853793318325229,-0.0721280002866987,0.37739205925074215
-0.07368885922339562,-0.10460819208214749,-0.12544599611849078,-0.11735419849433829,-0.22359567766629035
0.03271348455643805,0.06965372337259021,0.02683256379369201,-0.17914218504767015,-0.14136787398302547
-0.020641565253006054,-0.0037447007619353175,0.00827033367786874,-0.22326038778048002,-0.27653085397846927
0.26387795713720386,0.09299670906894127,-0.11269609754758068,-0.13515522118048168,0.21686854548130574
-0.08558881662489959,0.30585916994949164,0.24014772209848104,-0.13336739360950908,-0.09584084258623186
0.03905963641668396,-0.0827676206288398,0.04265985350276463,0.18895890534852247,-0.17476830451271488
-0.010530923496209228,-0.166632096626307,0.12277834584938985,-0.044355536612527745,0.12150621328249037
-0.07037717703485118,-0.004904898287545552,-0.2544566499888545,0.0497617272574793,0.2935250779849644
0.023858649966460258,-0.2465082822115006,0.11542085107419636,0.25263995643405296,-0.1783393703616598
-0.07344511482625829,0.2255214176070881,0.0018954061782536034,-0.1300138301116565,-0.07989166485689057
-0.10175892980063742,0.06020334856491456,-0.18926773830778937,0.21432398362626795,0.19746971172472993
-0.017200103801944523,0.16429872341981566,-0.09525006891433256,0.07407083543632355,0.0703638928208113
-0.19038002671584275,0.06688382724312714,0.0016589916687785183,0.3838320871353555,0.11821222673964031
-0.20168298836149906,-0.008487962522747305,0.2766449892184681,0.08916050466337454,0.10031706262150981
0.0404439816248112,-0.1697335327846595,0.23805005565380563,0.0635980926254128,0.09845951769311674
0.08375680544765149,-0.07165960585504971,-0.00824868935409303,-0.47311162866120743,0.010983722726322188
0.053874662785683196,0.0676110272782032,-0.043092429414073236,-0.005916246129734009,-0.12401265281782116
0.04440914701989317,0.034018518889416836,0.1687515004642225,-0.013006298058550256,0.04907928716557076
-0.06564495727389232,-0.13582445370898738,0.24425710361538164,-0.1921411116635333,0.2469356921936951
-0.23663066303435704,-0.068238513329258,0.1403195833232184,0.21118636937945545,-0.13593897633830568
0.025296703120819563,-0.020152589479137152,0.12310197772433754,-0.38806354039629276,0.24656063635187242
-0.3335811722924931,0.19579814302505522,-0.14164872940048723,0.0946237932857895,-0.21811865228028768
0.06335786420013471,-0.010277317629233465,-0.04725411730655997,-0.024412004529497763,-0.04072341567195956
-0.2043801343183272,-0.17182673137718982,-0.2057238781792395,0.08388435276105415,0.11334899927353666
-0.015666816667049492,-0.09183023268832453,-0.13776675419169515,0.003105208887599652,0.016815495929285895
0.04085271836435648,-0.20226938365990088,0.04770703159854238,-0.016122118625711748,0.1288674881941677
-0.12627319995805852,0.44713568804061615,0.1742249639869052,-0.24626689306176297,-0.25305592961600276
0.2222137302550685,-0.1361436935408901,-0.24169949719906533,-0.42572612569020274,-0.16765470246317307
-0.05318492403189028,0.03738410384610583,-0.19416567981382457,-0.0049254465875440126,0.15353423038932623
0.18773779398384643,-0.00853961475737378,-0.07542234528007374,0.1418818808430507,0.0453519346504414
0.10262712119265908,0.029779063637729457,0.10389247217205502,0.2970038553840105,-0.1038308147312825
0.11008886665292099,0.2078541612673875,0.11879442816013996,-0.21250202591137432,-0.46199240828878896
-0.1796656899523477,0.015780561171984217,0.17410541681144054,-0.013730744382377152,0.03178541132522096
0.05346884980947292,0.16354624311282379,0.03625993735257067,0.15526962368485833,-0.13905256978184263
-0.008389114714799934,-0.11948434382384693,-0.4824992861342405,0.16080118917466862,-0.1280838991815311
-0.19884884287231627,0.10689874005553775,0.20626434862199894,0.02989392252608503,0.20480004738697316
-0.11318508863756674,0.03490847127669256,-0.004813665934899112,-0.018862221075940384,-0.18677347263589844
-0.17529813870030153,0.12008217165446373,-0.09182475260687376,0.1541048321470086,0.11714750556116345
-0.08056845286895827,0.1192261357763023,-0.09892857014072773,-0.11523078067582805,0.15033043805658894
0.511869937891431,0.02657228507637475,-0.04865330990956039,0.08293936671644296,0.12560922694082682
-0.2178499959577532,0.14724524810328163,0.09227533377592406,-0.10044111992812225,-0.01768563622671401
0.053461683356819285,0.11991257783522632,-0.11511565483411791,-0.16162667292173857,-0.10841844771611181
-0.42792223985162514,0.10618878299411269,0.09463389265331834,-0.29086845018020946,0.0747907434253983
0.13190236100926897,0.03262546173685681,0.1580580161080157,-0.10244581137232765,-0.22327434879818642
-0.30178543601618996,-0.05195314041256901,-0.012025888389796886,0.21433210641243772,0.1460692679996112
-0.44440717462020823,0.06726242703116403,0.2557515225642313,-0.009692117414383269,0.08585621996591189
-0.15960370508322394,0.0512079170859151,-0.14547689771560826,-0.23288076392155604,0.03672224696889894
-0.047776089781912175,0.08850878234499936,-0.07114720930306256,0.2652766904383612,0.29430412688081964
0.09903590468085502,-0.16617569848708644,-0.1017880041346165,-0.10009581435214812,0.023918510230560703
0.1960214842487629,-0.038670274872293346,0.13620096083647798,-0.22445872347464893,-0.2874287359921581
0.11999775971819962,-0.15171697876419246,-0.25570367350641143,0.013790336080902018,0.2828520513902194
-0.3159857271111029,-0.18707338744815488,-0.09593964130141346,0.18583843422106627,-0.011744485993153364
-0.09831559302184843,-0.044612782082321605,-0.09677971127451117,-0.19763018567177404,0.005659407161409719
-0.30089144913917387,0.03866954197526398,0.15250832366841918,0.15784504698222676,-0.03173897830035373
-0.1428844497281761,-0.1898221870481386,0.09284664856724067,0.08734443913662639,-0.11090367390219219
-0.1572310307893983,-0.3517394258892201,-0.1954761097630538,0.1830668860538011,0.002811896996941733
-0.15064577374389046,0.19474222245171316,-0.2547011513678199,-0.14965117469255307,-0.02038735695232882
-0.14682179447408383,-0.12246873264253971,0.1965340624081782,-0.11284206335407747,0.14376887040577413
-0.12850581166073305,0.007689689014303464,0.019464367590368136,0.08954992205869955,0.15231926053158348
0.01917846567168736,0.2827021778614384,0.07846066414074845,-0.15187194608297475,0.1053230454752779
0.029865152417343013,0.2688539272842068,-0.2972273228600131,0.05990321943522502,0.06893761588499042
-0.05325223346679113,0.25258773621974684,-0.3258549641694056,-0.07502083699387799,0.024421226157569958
0.0766516258455999,-0.07311113864526021,0.02638921484682028,0.1588117552315164,0.10784434929605209
-0.18202146744829265,0.12146818074836635,0.15609413255756868,0.07977859509521111,0.021017499547843523
-0.0026795817091097626,0.17097195601493334,0.4624353782894694,0.06866103959927346,-0.1939309135497069
-0.20229123738322052,-0.0839579980964806,0.07132042107585451,0.016562918968842426,0.2422741179684817
0.14308835179111107,0.1477711451524031,0.03416904006200442,-0.07251670032341928,-0.23905173336288707
-0.11011960200963732,0.06558645610683395,0.18731656243433886,0.0009708285477538331,-0.03905945099434062
0.25587223055093267,0.1062457861797128,-0.10782309095124078,-0.23752534308333045,-0.1052408831920381
0.12615272992345564,0.478584956385989,-0.09879990018962599,0.1039458777396534,-0.13419550901417707
-0.12354298239503378,0.10554397644936071,-0.38521049118701256,-0.11627152627135942,-0.30428936622398495
-0.42049369160550665,0.006965035559227424,-0.07692154144725383,-0.0792124625813889,-0.10861686248593712
0.004879259342307491,-0.12313121965081217,-0.2691491779969202,-0.01920228508743065,0.13622631367551083
0.06907058546444184,-0.30562683638266624,0.13206081478301543,0.21703781282023227,0.09163086909019105
-0.15791441301733375,0.10093486893040876,-0.09886761616880202,-0.002609980940753571,0.04734123954615052
-0.07568473104416755,0.19287239185406815,0.3086504100061257,0.03179178719602396,0.02422300221045435
-0.2766655283760017,0.15152084878635758,-0.08741807577827802,0.21404141826670392,-0.11431109951922275
0.08585256974779719,0.21240277301463265,0.07169547908718711,-0.04160960342554592,0.04525143887908822
-0.44989607948241095,-0.058647034923160576,0.15772356540067908,-0.10715742548568673,-0.09322016090266057
-0.16955994793168083,0.09320414877103622,0.08876102295844679,-0.21942646711432645,0.3165648362890494
-0.11373326349539387,0.10557549824670162,0.24828030927079262,-0.11723990500091686,0.031690479310057806
-0.07028814829481242,-0.12522558127912553,0.18512681277003268,0.040764936667821494,-0.23461783323383173
0.15309811516677216,0.18914149889450985,-0.33993403095287483,0.15396917706749028,-0.375494004202462
-0.13461907378505372,0.09242699908661806,-0.06583214609389917,-0.01645002766302407,-0.11524736832106124
-0.18070944353965396,0.08354096775257455,0.13014072236116084,0.003294632293466498,0.08096640990697843
-0.1329531049386043,0.0538393124733398,-0.08663423972814757,-0.07468155657405523,0.05865397341257984
0.15290000367305828,0.23286955212582303,-0.03126328250411539,0.14062930172354499,0.14830929843422488
0.00499849280705455,0.10105211667894208,0.02206842007463328,0.12369151596168727,-0.015680937153737844
0.04860785945221496,0.22726831350390714,0.014562991577763026,-0.2254027777604957,-0.23033152050442895
-0.13708881718425384,-0.10097999653520777,-0.11569338725631548,0.0605864556992617,-0.04085574151379331
0.06183130877839906,0.011342512714822195,0.3239451324119953,0.13718861698777723,0.1703055893519575
-0.1046926262762964,-0.17105649623238595,-0.21429899549035103,-0.12680743188391186,-0.18903751536092966
-0.010446476393274333,0.3450839665809106,-0.11143268317774296,0.1997227106439728,-0.14970143248303805
0.2836678172411008,-0.07453469373615172,0.3399308182305944,0.16307054027050089,-0.11292261942915893
-0.25357992642804406,-0.07529132239134645,0.061837454977782785,-0.009651017912463023,0.1908300233473087
0.2208678846784531,-0.28926505810785447,-0.05678568917661665,-0.02818771312955032,0.09468383213073626
-0.1730434706433255,-0.35864549276933766,0.00725648774305343,-0.20604613210169956,0.29584223542195315
-0.16697504720987502,0.18412129780848266,-0.07476320174800277,0.10154677359480314,-0.15132957413746315
0.02094268018866941,0.04387868887944928,0.35795914681746377,-0.3342100979996155,-0.09470096590384944
-0.2133340435069058,0.007388046233347674,-0.04997272976164942,-0.2643873752584855,-0.09598121739307165
0.08109446573809012,0.06563603202895278,0.002956553294117361,0.1289756742729614,-0.1633720429015625
-0.2359083056228206,-0.09128246899366363,-0.19955527727651332,-0.017185779249490787,-0.2171418424715866
-0.28820945193168007,0.006828578232037667,-0.045687451009297456,0.06663665639137244,0.18943787177928617
0.19585932010586474,0.345417424138228,0.11174106274871237,-0.12286326917435572,-0.124402746919965
-0.010182384330465652,-0.0802274146412004,0.08028605255261004,-0.0836021253567434,0.06199992649420227
-0.15592785378611534,-0.1540611885372794,0.06297508959549158,-0.0859135018623504,0.05349378761134952
0.17064998062930922,0.08680865076227777,-0.2436904140835911,-0.33555769490390414,0.1484317780691728
-0.186773797908105,-0.06039698934822932,-0.17317223129764706,-0.03184616557692331,-0.05624547227526604
-0.20902502058050992,0.049430141214995824,-0.08280971879465492,-0.1012670314675278,0.05816161965701926
-0.539699818738378,0.09312399768338232,-0.1485571561629727,0.22845810993707028,0.2221682995369204
0.01882446503735129,0.10770842067318388,0.14884825693034562,-0.1385133349519228,-0.22793920291660869
0.13049055357548778,-0.23879286919542142,0.08089476964696185,-0.09848573234705091,0.012400406930588744
0.27405797650456565,0.07296084889490165,0.09563349010182312,0.22103864049002395,0.1695540875878215
-0.01584069786520652,0.03469904131663204,-0.019966607464809345,0.00992830390207719,0.13181886741992113
-0.1766669914942612,0.04209487592499697,-0.19998048582474637,0.28795870246420313,0.16135388297208128
-0.08875343521767728,-0.23115189015990859,-0.07392841600372353,0.036125520621356606,-0.14728938146029333
-0.16711705113413872,0.32443583430137335,0.028167174058147983,0.15096499612320713,-0.12579710117603532
0.14608563067336874,0.2121553130533778,-0.11022383288221324,-0.052635821704299826,0.05373478695808666
0.01330158168135613,0.17474465131870953,0.00014997503411987367,0.3026302243390811,0.03220855212593049
0.2125546274437857,0.028265501118733796,-0.23543549910229483,-0.1540723602209958,-0.1300662306420647
-0.17628800803413233,0.039336323549678184,-0.06415614578499909,0.06531865281587458,-0.023326793003934688
0.03172102406127142,0.013896895255002786,-0.006791409973597355,0.019769902284825638,-0.004239225027173629
-0.01511331327620784,-0.13535302069063632,0.08764729633710429,0.09054681105557554,0.2862310332710724
-0.09775810631373134,0.030432631357390213,-0.051848790369355184,-0.06115456765236238,-0.09877949416924856
0.15201575044200738,0.07507832254927352,-0.032568642896400234,0.1409502386959144,0.1232854715536744
0.04935003623220057,-0.23803186912597335,0.27794003613725154,-0.027243421584743986,-0.040862262866568
-0.13046097031296675,-0.13397903200776606,-0.4277928319563751,0.09275975182777908,0.028190824971676368
-0.02310775511274828,-0.11232023016174186,-0.0005057262771607475,-0.03157800115070134,0.1716768062414155
-0.2579108954801015,-0.03524584727679901,0.17790000311246454,0.022422437433528866,-0.0563580301285358
-0.007161473355240413,0.21467950170708033,0.11707463874398495,-0.00018026247559224754,0.11379213663815123
0.16617033017971453,-0.09159163718894041,-0.08425351522618528,-0.08163029927773983,0.049871646448490715
0.08384631683449857,0.0330306874978991,-0.11733797713289962,-0.18667297865339502,0.115618018223518
0.16724503434711477,0.001058388693674298,0.019765249503398277,-0.02494536422019927,-0.15394537644695047
0.05108233844089892,-0.11320382622325802,0.024865037248762815,-0.06376036223882758,-0.17283971756278907
0.06439120448046233,0.0638741764594433,0.12448323135563426,0.13382222426509532,-0.04491458015607774
0.27448812224759317,0.01263648090343589,0.1395617400029106,-0.04547996516679777,0.08537492510313215
-0.04922274360894209,0.15160109156872792,-0.018776354812783735,0.22639355351314927,-0.289095821336754
0.09413795626202737,-0.10391788985122367,0.03338684835459531,0.003115297662916749,0.10208762944918938
0.1627073670589856,0.013098550123128943,0.14159370467930016,0.18815550601662873,0.09110045482226446
-0.3216670986418018,0.11531416627063634,-0.07390262028521831,0.0752873096701218,0.17951046856556868
0.21415323333071334,-0.04785946148718903,0.031128335714631486,0.22997614500739402,0.23681156769393458
