118205.0
8405.0
82418.0
121535.0
125794.0
74142.0
34576.0
131904.0
83090.0
59477.0
130767.0
79159.0
8963.0
15617.0
92011.0
71975.0
20132.0
46470.0
88820.0
63147.0
130459.0
120575.0
9544.0
31122.0
18611.0
125978.0
18138.0
91193.0
111549.0
68026.0
41267.0
51703.0
92269.0
70201.0
35128.0
105580.0
14705.0
54465.0
114406.0
136268.0
12131.0
53346.0
24688.0
107326.0
131347.0
26867.0
27469.0
119048.0
123606.0
67346.0
86529.0
22901.0
129583.0
131894.0
91867.0
7201.0
24219.0
62812.0
61168.0
51558.0
68063.0
97853.0
32344.0
80092.0
103223.0
107640.0
128258.0
79531.0
128309.0
92956.0
118754.0
76630.0
106441.0
59414.0
113668.0
122995.0
116189.0
50297.0
52260.0
72008.0
33736.0
52009.0
43194.0
117144.0
3907.0
137202.0
27053.0
31404.0
42929.0
119531.0
135425.0
66763.0
116317.0
64843.0
131961.0
2261.0
42204.0
903.0
69793.0
73611.0
49554.0
58953.0
95301.0
23173.0
4358.0
80920.0
16676.0
72983.0
4222.0
133811.0
55765.0
101044.0
34651.0
99754.0
52636.0
110758.0
134567.0
32514.0
75810.0
60159.0
57735.0
21398.0
89307.0
116361.0
137277.0
9034.0
59407.0
34856.0
81186.0
51199.0
17040.0
104345.0
100366.0
102888.0
54305.0
3318.0
10303.0
43545.0
112988.0
75678.0
66836.0
75299.0
24830.0
70936.0
25101.0
25978.0
62040.0
104043.0
15478.0
9087.0
131651.0
26193.0
39181.0
40058.0
21163.0
133372.0
77696.0
123352.0
89242.0
65401.0
15486.0
33082.0
73026.0
66263.0
100134.0
98865.0
121930.0
54107.0
106939.0
46396.0
138208.0
45987.0
50943.0
68575.0
33349.0
60887.0
741.0
62160.0
6719.0
134773.0
37317.0
80771.0
58069.0
89402.0
41079.0
101861.0
120948.0
21391.0
982.0
29499.0
156.0
21861.0
66810.0
137686.0
18628.0
130622.0
10761.0
54113.0
91349.0
110706.0
42096.0
134401.0
67527.0
113081.0
80668.0
89495.0
137343.0
76292.0
16938.0
136599.0
135090.0
24661.0
51075.0
66617.0
98420.0
59852.0
96370.0
67443.0
92499.0
41613.0
66533.0
113991.0
81706.0
89299.0
113806.0
65304.0
90968.0
101127.0
86839.0
116302.0
12767.0
53998.0
43384.0
72401.0
106676.0
123297.0
6636.0
129540.0
124831.0
80207.0
79366.0
41283.0
130191.0
102911.0
39214.0
68558.0
75469.0
78356.0
109883.0
53640.0
19590.0
15701.0
117395.0
23061.0
103654.0
127256.0
98206.0
127138.0
113209.0
114412.0
37253.0
105498.0
47439.0
62925.0
44241.0
17333.0
4507.0
95254.0
775.0
10514.0
11900.0
107356.0
83275.0
76155.0
93234.0
16606.0
27482.0
116498.0
41638.0
104347.0
113610.0
3797.0
35227.0
15718.0
69683.0
10678.0
52877.0
6373.0
11719.0
99342.0
80185.0
112762.0
119367.0
59544.0
60018.0
76437.0
94377.0
102025.0
32094.0
66649.0
34587.0
14280.0
101458.0
93152.0
99499.0
45015.0
91626.0
33402.0
64060.0
56504.0
102680.0
84849.0
65529.0
42032.0
9545.0
133133.0
3858.0
84476.0
63046.0
68358.0
57716.0
120572.0
48677.0
18706.0
50168.0
85926.0
116263.0
80886.0
51507.0
35109.0
106906.0
115606.0
114095.0
16865.0
42369.0
9930.0
60361.0
31181.0
77884.0
42069.0
112365.0
114624.0
136054.0
27054.0
108248.0
134690.0
21070.0
91893.0
768.0
135795.0
131275.0
5843.0
21078.0
66401.0
110826.0
110858.0
77018.0
117315.0
16162.0
10443.0
24127.0
18415.0
13064.0
23190.0
67075.0
89364.0
130477.0
97826.0
115811.0
3284.0
74054.0
52116.0
111959.0
32984.0
104063.0
27278.0
29037.0
19711.0
102038.0
23523.0
87561.0
10321.0
40483.0
74937.0
28398.0
86722.0
113181.0
4967.0
60181.0
80501.0
54494.0
46744.0
78308.0
23599.0
12644.0
48644.0
96601.0
138325.0
121894.0
28195.0
11434.0
81487.0
70816.0
103986.0
18191.0
8805.0
49817.0
29575.0
76213.0
137885.0
8647.0
108967.0
50367.0
137037.0
134497.0
88773.0
70379.0
124633.0
3397.0
105588.0
23180.0
25411.0
113075.0
106308.0
6099.0
60762.0
13494.0
38335.0
9562.0
118955.0
117948.0
15529.0
49212.0
58426.0
136875.0
61696.0
105357.0
77247.0
76737.0
29069.0
59873.0
85640.0
118848.0
119271.0
44654.0
110190.0
100781.0
114579.0
4276.0
12793.0
7828.0
125178.0
74289.0
94976.0
110847.0
130987.0
18354.0
81267.0
94259.0
10989.0
108142.0
97602.0
38160.0
4450.0
13623.0
94013.0
122436.0
11081.0
76972.0
89081.0
53853.0
84752.0
32632.0
58667.0
35834.0
51227.0
71170.0
103291.0
104824.0
118999.0
2397.0
116556.0
52439.0
1849.0
80391.0
43296.0
74028.0
124339.0
71315.0
111880.0
41517.0
56847.0
90186.0
32161.0
104916.0
54549.0
103028.0
45815.0
88738.0
118534.0